'''
 This is the test for Hugo python ability. Test hour: 1 hour
 Author/Teacher: Jack Shi 
 Date: Sat Aug 13 18:30:45 2022 
 Student:Hugo
 
Note: 
    1. Student should do the test by him/herself
    2. Student can browse the python syntax from website
    3. Student MUST sumbit the answer when time is up
     '''



1. could you please print out the same element in the following 2 list
[782,515,22,957,242,621,987,955,409,635,892,607,261,885,170,859,893,525,769,90,880,395,632,363,43,746,597,190,539,551,486,664,46,43,844,894,27,334,397,282,40,259,793,304,30,180,984,292,528,400,425,111,417,833,151,871,164,29,46,583,172,359,10,876,81,500,519,265,399,527,30,108,282,314,841,998,413,453,424,485,361,818,435,484,674,93,404,369,380,609,574,888,890,303,221,887,251,166,586,29,390,818,721,998,821,690,895,19,578,978,629,54,499,667,34,324,710,840,815,608,203,227,128,656,455,740,437,502,135,352,491,700,206,154,77,614,463,360,289,681,957,738,126,753,927,220,820,623,787,447,350,531,955,61,179,712,541,549,250,923,590,309,478,211,167,276,896,550,679,222,312,362,918,930,689,602,933,830,641,264,456,888,843,980,84,895,458,525,775,448,316,53,169,331,435,267,29,455,31,708,674,340,819,582,739,895,207,986,307,430,113,261,272,190,561,116,882,118,89,148,214,648,779,468,782,69,227,498,312,969,551,490,768,518,873,523,922,117,878,233,428,82,288,875,118,932,906,694,720,648,833,329,718,998,620,639,152,648,231,170,25,726,302,863,816,65,594,583,380,743,625,678,59,70,923,913,955,437,851,71,125,63,400,587,904,292,653,105,41,839,968,801,466,272,957,921,352,691,693,842,795,137,95,675,573,567,280,842,340,885,770,911,926,322,791,31,747,380,348,828,896,405,247,309,191,58,143,635,274,257,571,27,590,668,55,143,262,446,587,413,668,344,266,687,841,760,703,136,764,632,167,303,494,821,290,140,290,74,608,664,732,579,6,650,636,498,371,443,28,496,547,983,281,476,619,339,770,783,341,415,456,421,745,116,456,539,746,655,400,679,952,329,754,75,410,102,252,253,764,496,574,968,766,363,570,806,206,52,588,720,540,110,908,409,338,44,977,616,450,486,134,539,439,534,552,551,413,128,214,815,363,512,6,547,827,938,734,183,578,686,490,181,418,148,333,39,742,403,330,85,608,398,146,741,159,953,116,29,314,498,77,360,399,700,358,338,797,276,525,929,212,114,608,789,876,429,986,736,388,539,413,695,525,669,730,749,893,895,294,229,720,150,69,403,349,701,900,392,750,678,910,837,476,697,806,665,296,243,154,942,523,196,792,874,917,460,99,898,457,774,492,907,560,73,872,621,872,873,177,88,933,44,868,357,302,543,89,325,910,795,754,260,514,273,678,700,997,736,407,17,516,554,927,340,397,856,393,783,16,616,103,686,771,455,606,933,100,746,626,446,996,113,424,823,515,152,116,138,864,479,726,141,577,146,413,562,823,300,946,816,431,321,518,575,570,230,424,121,743,316,809,631,411,252,187,941,870,145,131,975,496,923,488,389,453,374,914,397,507,106,394,713,686,957,126,699,731,253,554,791,749,258,328,278,308,646,189,710,539,296,312,669,444,212,562,72,129,826,274,183,265,92,715,606,811,788,651,852,191,929,175,872,228,720,109,700,49,314,681,321,50,247,154,332,865,628,650,608,210,522,330,841,371,219,828,769,626,189,538,245,476,426,658,582,772,977,894,146,670,244,511,335,2,321,679,869,672,646,166,740,536,809,285,708,143,440,436,577,545,691,820,846,442,19,841,907,549,836,846,639,368,185,588,550,619,344,775,835,704,19,563,569,191,202,348,765,168,432,792,335,487,372,907,707,475,554,131,382,828,428,498,631,881,341,328,559,347,103,801,705,463,152,217,102,712,238,329,112,185,730,745,643,774,879,895,186,740,279,878,85,134,638,3,833,887,992,14,893,669,68,140,693,622,171,171,12,769,460,908,732,578,814,345,366,459,937,463,626,37,460,383,959,42,682,551,601,488,320,413,633,417,752,346,48,442,685,186,509,816,496,231,447,679,354,213,673,589,946,542,371,69,284,56,369,606,163,447,683,332,976,937,961,625,634,45,119,842,939,499,835,995,929,948,999,945,375,28,883,537,625,644,608,539,95,750,950,50,773,310,397,539,620,497,739,750,53,234,8,858,663,688,968,74,650,57,216,394,399,454,568,365,676,276,376,461,620,505,815,801,84,904,854,578,646,554,135,452,64,470,195,638,173,767,647,88,318,684,189,453,221,782,597,559,868,82,978,35,747,301,147,400,990,707,704,503,389,29,2,521,306,77,59,875,51,935,75,980,976,53,910,284,748,469,762,689,461,347,328,667,151,185,159,505,180,499,157,70,785,567,127,306,25,198,436,732,414,825,796,83,784,175,15,951,296,373,327,45,629,667,142,289,759,649,641,466,767,964,873,91,751,929,903,425,969,338,463,873,577,469,657,596,317,360,543,313,911,46,583,921,870,229,239,531,168,13,263,15,174,372,196,276,639,950,636,32,410,323,92,141,342,129,245,13,115,356,396,433,726,929,161,763,110,899,864,628,219,827,486,103,907,602,855,335,367,99,987,686,32,281,452,224,810,309,346,476,552,48,860,857,589,62,204,254,175,956,965,963,892,834,489,771,482,515,156,346,317,325,818,385,661,718,770,675,165,252,932,7,64,169,370,707,308,263,992,960,212,794,862,409,995,807,891,486,719,659,584,769,855,827,19,100,20,258,761,567,695,308,796,794,617,473,550,836,584,798,629,249,746,797,525,945,32,434,52,811,885,666,840,893,105,572,44,325,1000,733,754,361,13,183,460,510,297,617,587,668,840,464,608,787,864,332,126,152,966,239,177,623,702,759,783,992,875,888,60,445,549,243,494,545,935,180,908,733,594,721,886,137,437,903,630,937,568,726,829,182,11,254,954,860,892,948,806,580,79,388,374,723,756,257,317,737,307,861,870,777,307,71,768,622,492,57,197,528,298,90,468,923,87,871,283,789,400,395,848,664,6,789,360,725,37,880,183,581,209,453,141,18,660,258,850,989,866,641,578,595,400,174,957,253,133,235,390,932,434,614,374,27,443,391,107,802,198,996,445,563,389,865,623,143,617,423,15,392,521,153,647,953,304,960,410,626,245,388,900,116,510,444,657,848,333,567,641,470,697,266,584,580,942,937,319,228,920,791,5,465,327,426,218,306,424,868,888,258,657,14,462,907,895,565,112,595,787,866,948,405,615,501,721,478,982,290,269,482,183,800,437,477,897,56,624,76,768,185,77,431,585,734,491,434,294,111,944,182,361,333,406,950,970,942,578,463,686,397,47,953,326,781,845,505,540,286,878,454,690,825,682,43,139,32,149,350,395,666,643,95,769,94,359,792,676,891,304,428,106,554,381,944,89,93,855,127,25,720,877,530,482,275,734,501,90,872,719,461,841,949,832,37,861,158,373,47,518,151,502,250,979,647,750,400,927,656,220,53,539,343,174,694,641,910,368,656,782,475,708,542,441,279,830,71,234,280,582,445,232,973,3,902,254,642,382,771,261,160,804,14,900,647,802,581,596,790,860,331,422,390,936,459,582,724,493,766,333,222,221,696,957,471,296,291,620,352,518,593,516,481,569,804,384,684,726,207,826,598,854,349,703,699,223,994,674,413,283,100,869,985,490,115,107,675,358,318,688,772,867,674,260,828,6,611,930,779,608,569,369,372,301,961,131,128,214,584,909,305,285,781,467,432,249,673,934,927,347,531,340,549,445,194,196,198,508,606,84,843,463,336,860,963,932,324,136,650,596,785,607,937,259,614,434,812,383,784,185,457,647,148,572,257,179,764,700,119,347,322,931,215,483,184,98,716,82,606,715,993,301,312,756,349,659,394,920,983,997,661,804,649,178,746,392,919,198,996,926,290,270,179,132,390,486,527,159,739,845,134,590,55,857,148,927,529,677,462,371,987,720,67,641,63,401,103,121,766,273,797,670,184,468,880,799,262,320,66,504,81,561,515,414,783,318,730,634,166,112,36,56,873,694,510,248,522,133,909,280,742,966,268,238,866,410,641,111,521,183,160,985,359,803,10,44,484,256,276,911,58,973,31,962,935,307,586,91,715,660,637,53,121,214,762,103,252,146,744,789,422,620,817,823,401,122,288,204,135,206,946,165,687,648,835,565,446,515,232,597,63,950,248,868,991,625,358,35,96,353,121,359,269,557,504,583,607,884,811,109,438,828,97,335,37,762,535,745,584,837,732,713,44,159,162,624,617,919,469,522,136,912,545,789,276,533,614,345,812,113,477,307,557,138,34,691,355,437,720,999,666,995,160,39,446,801,86,420,902,378,797,217,302,626,797,602,626,567,260,832,91,223,194,116,499,333,867,112,687,16,99,535,188,622,626,727,583,911,349,317,799,285,916,89,145,187,338,550,857,962,300,954,830,618,940,1,367,912,306,806,67,779,331,248,641,249,1,372,195,214,778,605,28,705,878,297,213,364,94,941,938,512,680,437,571,969,685,73,284,654,389,87,49,22,958,203,284,234,694,411,170,257,800,14,904,341,885,967,331,934,829,504,207,549,726,258,713,359,625,221,598,767,666,944,364,829,514,644,223,690,387,585,651,825,72,850,238,147,215,52,411,981,842,701,232,487,886]


[547,26,354,761,414,238,333,379,887,820,95,227,269,93,624,61,840,362,181,78,699,534,819,330,998,874,173,396,182,82,81,39,694,966,141,963,906,274,241,872,353,85,564,650,269,51,417,723,450,79,932,684,813,423,672,86,895,885,20,505,371,173,45,807,101,702,671,934,104,131,425,8,811,127,543,979,940,141,250,118,683,732,132,897,374,772,926,148,534,632,941,848,490,81,676,728,146,426,123,197,839,307,6,234,631,278,737,127,511,284,437,107,205,392,276,585,466,260,514,181,265,897,156,827,862,237,807,257,460,550,377,16,97,241,894,520,577,459,477,110,92,149,831,218,939,534,255,662,980,570,94,413,471,882,443,758,170,761,818,563,578,976,830,763,470,431,924,544,208,140,931,533,657,99,149,189,488,842,414,915,991,208,202,589,703,134,33,76,698,620,484,355,585,109,694,408,461,254,996,85,913,390,178,508,117,635,245,178,273,55,366,656,771,246,388,266,920,490,110,799,976,457,118,909,180,338,143,105,915,828,98,524,779,399,263,530,457,701,514,313,967,490,318,355,772,76,224,676,315,955,706,616,525,356,913,941,918,985,296,66,431,937,275,528,12,764,800,341,91,673,828,190,691,176,773,813,669,740,879,241,30,105,391,971,653,460,712,180,550,334,753,470,258,646,822,354,127,377,562,326,791,804,843,668,350,434,86,906,654,915,735,559,77,768,876,473,399,167,991,442,300,632,266,49,145,62,118,374,873,816,70,704,67,64,621,162,690,451,409,121,715,9,234,369,235,550,149,38,771,221,646,994,617,795,728,205,984,855,925,489,386,535,36,459,565,715,268,862,145,777,444,355,614,183,421,687,501,2,879,686,497,366,588,699,495,650,857,882,389,828,416,854,516,590,414,995,741,675,647,121,864,26,254,982,250,788,776,676,565,230,606,650,320,295,88,664,780,548,259,359,148,14,733,16,188,280,706,379,143,634,635,48,713,817,538,425,81,900,19,299,468,904,649,58,860,325,327,469,392,528,459,359,542,863,332,591,732,489,541,944,71,526,307,793,233,150,836,613,548,206,842,964,263,249,351,595,637,782,226,945,180,437,425,993,451,537,111,260,500,349,951,813,589,974,522,461,112,787,995,115,947,833,843,22,301,204,573,596,605,401,33,167,547,790,246,612,148,40,487,873,919,281,329,609,136,100,86,510,146,823,669,204,257,941,329,970,672,496,404,223,416,922,518,137,615,73,454,45,347,993,487,95,403,701,594,390,876,613,147,186,556,916,41,958,437,323,2,430,440,696,562,696,595,697,53,887,103,454,747,776,848,452,265,104,125,404,369,522,924,730,420,558,804,588,581,18,320,937,986,759,54,228,703,569,788,391,137,589,131,40,340,52,60,168,956,136,206,421,191,169,51,99,335,726,178,654,448,473,380,796,161,550,761,18,801,226,519,382,5,997,492,553,632,77,297,700,11,552,895,193,689,75,529,684,6,684,821,443,573,234,110,626,332,900,543,268,12,260,87,860,179,816,916,268,69,786,654,607,23,314,834,211,812,596,628,92,253,971,968,925,93,709,697,882,576,671,43,282,208,887,181,8,299,937,138,463,653,416,570,874,185,137,87,269,684,753,41,549,499,246,658,255,477,621,863,898,878,481,361,184,20,810,372,973,986,831,752,273,355,974,490,271,980,758,775,386,549,744,402,50,816,414,274,203,878,6,206,860,907,154,811,37,321,614,10,900,643,33,42,588,924,183,891,750,166,167,117,416,527,687,997,57,543,223,299,784,612,791,54,823,219,821,51,789,174,367,97,445,797,83,609,784,721,122,233,783,836,945,552,434,840,289,362,510,463,978,114,24,900,61,745,928,692,664,740,26,2,112,869,374,59,914,851,823,743,496,482,69,181,107,71,125,383,350,974,949,164,992,575,29,880,162,451,829,883,29,468,269,36,734,496,920,866,841,325,998,573,319,123,644,646,782,472,768,57,558,647,602,631,787,412,518,274,683,932,10,827,615,622,387,920,646,970,166,996,36,128,41,457,289,910,270,607,877,994,78,598,528,329,891,19,566,138,33,411,490,246,186,472,314,528,283,807,967,675,955,261,438,99,981,785,964,256,617,822,397,691,996,187,15,418,505,308,362,337,561,570,763,253,35,84,217,517,667,566,220,719,182,743,655,375,995,396,35,974,396,64,157,879,863,399,37,722,782,724,286,555,67,823,455,195,258,503,454,577,348,834,12,902,976,524,924,316,711,342,247,349,389,390,664,55,863,415,284,296,14,548,599,820,440,851,267,401,954,465,220,282,933,434,500,104,832,97,930,550,694,36,283,832,109,744,757,629,799,674,507,586,94,739,335,182,511,753,359,963,53,72,770,677,116,872,159,784,471,809,389,609,112,628,369,213,530,441,386,398,346,922,414,773,541,464,709,456,67,787,216,89,11,383,47,661,290,895,901,278,699,949,382,295,494,144,479,162,304,240,998,846,171,560,325,483,130,703,368,545,109,71,989,255,340,583,166,576,854,773,866,879,808,304,899,157,877,529,598,699,967,429,631,317,78,771,716,542,131,857,772,447,576,192,869,586,547,414,308,134,543,20,829,453,829,881,669,14,616,978,863,632,639,234,538,603,878,268,216,231,572,729,723,674,445,348,605,608,237,416,100,989,558,710,654,832,267,942,343,710,423,548,692,426,969,914,689,411,25,405,956,501,461,509,589,169,338,540,196,89,168,294,644,243,574,427,521,782,119,559,626,253,953,787,460,148,633,494,265,822,515,409,269,928,228,802,515,868,647,612,972,954,484,277,534,690,45,338,325,26,241,550,470,234,710,390,209,159,208,943,211,764,87,357,92,44,476,90,862,539,265,371,705,405,792,504,634,495,333,731,691,885,760,261,707,1000,880,871,185,317,253,416,416,538,285,299,788,923,447,197,953,803,467,542,6,332,625,301,743,119,456,663,407,254,731,703,17,35,715,187,77,521,819,279,171,775,231,49,671,409,490,637,447,624,796,946,93,8,823,88,57,739,935,535,508,227,841,720,966,405,879,24,754,520,989,244,704,935,123,888,975,828,540,590,742,747,283,86,623,292,141,961,977,985,297,740,412,808,830,181,884,491,857,96,284,756,68,110,728,574,934,291,279,336,982,930,691,886,694,111,943,202,578,227,762,883,226,692,526,846,200,516,575,306,808,8,966,917,303,836,989,402,667,925,864,450,217,764,22,263,955,744,3,444,744,280,50,45,332,336,645,552,862,97,313,386,744,278,832,836,927,477,488,186,773,863,235,637,389,759,303,369,853,198,622,812,609,310,107,590,924,993,733,376,771,222,25,852,78,195,56,28,285,903,43,839,723,254,36,701,66,928,601,966,145,811,442,424,743,529,28,923,51,738,53,728,245,546,754,287,31,551,14,391,767,429,343,15,320,766,369,359,382,984,774,347,368,351,225,871,618,415,892,64,405,640,919,995,486,207,263,121,855,226,927,329,837,340,447,988,61,251,508,673,154,217,564,306,860,755,924,993,659,146,251,497,57,753,785,847,526,114,230,143,316,717,31,76,167,888,267,198,789,326,142,144,818,658,155,24,4,157,300,294,900,186,542,616,168,397,264,133,390,230,197,691,316,578,460,391,237,820,473,43,470,3,740,688,285,922,155,403,553,553,595,204,485,478,125,871,945,252,501,270,817,617,719,746,386,552,985,407,333,294,139,663,139,226,376,910,79,409,584,200,590,910,316,890,361,877,656,667,990,338,81,957,236,976,152,819,620,220,244,45,817,723,557,176,946,674,548,618,991,89,561,564,690,46,276,53,753,942,532,973,464,473,637,824,37,140,550,143,901,758,902,611,465,325,575,610,351,789,398,618,521,259,327,180,618,280,94,398,474,205,975,610,634,619,248,473,628,549,52,611,105,975,603,613,560,199,902,696,564,188,664,484,146,931,679,974,770,638,769,720,293,288,685,532,846,785,538,145,770,277,910,277,777,707,959,614,665,64,519,579,724,5,91,8,822,664,679,344,751,378,958,357,528,377,220,794,578,408,650,523,43,403,734,439,764,587,267,742,753,114,496,992,167,51,772,344,463,305,138,898,20,673,557,13,996,386,867,619,912,261,74,499,686,446,968,372,783,882,557,367,364,359,711,660,242,760,237,412,174,369,232,684,417,332,252,149,808,295,196,35,720,50,853,824,463,838,835,872,744,800,539,314,14,404,574,82,672,622,848,38,924,197,710,94,329,201,178,379,180,184,78,30,382,310,486,808,920,865,210,756,893,262,483,880,885,461,529,528,783,3,520,431,803,158,639,180,94,526,190,784,593,230,181,180,901,193,13,356,652,402,134,296,396,236,235,922,109,706,271,978,646,113,200,273,80,946,792,514,506,914,870,161,651,691,862,970,840,682,661,82,230,402,702,119,165,575,528,62,267,92,217,983,607,421,344,864,87,355,84,734,623,335,4,20,258,713,762,455,248,438,735,340,768,934,260,468,930,404,598,929,39,822,695,645,950,803,748,727,691,22]


2. Could you please minus each element one by one in the following lists?
[2038,1725,3403,3662,1762,449,204,3013,2087,3021,2298,3521,541,383,3072,773,2872,1515,2680,1703,5097,233,2223,3689,4536,3360,1089,3926,4700,3192,4242,3360,3723,3819,2156,1141,2941,1390,1228,2280,2698,355,496,1448,2370,612,2124,1583,4454,4930,3885,3686,3874,3108,5277,3008,1259,4278,3346,1594,2583,3470,528,4882,3167,5153,3392,306,3170,4629,5042,875,2015,2692,3397,353,1549,5121,2943,3256,1868,254,1986,661,4738,864,180,2456,3699,1565,1693,1435,2843,4592,2724,426,3468,3978,4238,4814,2105,3072,3965,312,1998,3880,3703,1217,3522,1543,2456,127,5069,3475,1709,4262,4789,2961,2842,2723,3856,729,2682,1501,99,1131,2305,4464,2847,2839,2340,3100,4454,3394,4393,4373,3654,3681,3214,878,3132,4209,961,3468,215,96,718,2401,5173,779,305,3646,1234,1378,3606,3924,5277,5187,1621,919,4499,361,435,479,1258,3224,1238,4515,1528,4489,2294,2786,5345,1651,3845,4523,1745,3248,545,1599,2779,3260,977,3500,2538,3257,1341,3451,2550,703,772,794,4522,1672,1141,1044,5117,1553,4868,1468,2287,2889,1068,2446,4406,3813,5119,1163,625,3328,1322,2303,1048,691,2391,4619,1342,3706,1059,2164,3420,2747,3330,1433,3765,4127,672,5205,5223,1873,1865,2183,4834,5070,495,3732,3959,3640,4222,2997,2095,5171,2799,3906,1678,139,2528,2261,1176,2159,2916,1267,3036,622,5219,3173,5075,2821,3760,1710,4599,2014,2982,4064,697,107,1624,1835,1869,3844,1085,3449,915,3677,2670,3335,923,956,897,3596,1730,2384,2748,1226,619,1489,5241,1323,3250,1004,533,943,3565,1084,121,1418,1392,1350,409,4656,3352,4233,4003,660,2784,366,1651,3121,4741,2281,1036,396,3834,3789,5030,2026,999,2761,2489,5260,2159,1568,4439,4143,76,1914,4913,3006,5218,791,1753,1691,914,2502,3094,2934,5077,1762,1012,4741,3980,1506]
[3233,1958,1634,3741,294,2406,4692,1516,2060,2790,2612,625,3678,3444,1171,715,4583,5023,2541,1212,3493,2574,265,1331,1288,4410,534,5048,3464,647,2639,691,3324,4174,1057,4238,1322,4245,3066,4935,4728,3716,3683,4720,190,1190,368,4422,746,2127,2011,4315,5334,5262,4622,1408,4845,460,4758,60,3400,2016,3902,574,1460,2598,3457,3550,2753,1214,771,1099,2934,1181,4497,4736,1404,2746,4940,690,5042,3240,771,2488,3833,4519,1707,3838,2818,4751,2031,1901,2432,307,4213,2480,1335,4552,3010,3117,2083,5347,2297,1198,3640,186,5146,2986,2863,3164,2297,3726,4791,2390,4994,2310,4423,4590,4255,4548,2822,1288,154,1363,3823,377,4504,3021,5279,760,5278,5180,3099,3898,660,1144,966,2759,4221,3210,979,5128,3092,901,1308,4765,3569,4341,3690,4998,4297,511,5289,4030,2755,2397,951,3839,2306,2067,3464,4662,2698,5345,3795,2359,2336,4429,4231,610,1356,1693,2787,2980,1701,1447,4650,3205,2798,2977,1893,4937,2447,2660,3431,3125,3595,3523,4044,4167,3968,2665,1887,4092,3177,3354,2610,2523,1289,1457,713,3363,970,5349,4517,4013,3679,350,3539,3534,2167,5236,4250,1690,3114,2405,1062,4145,2391,2556,1732,4956,5319,3658,47,1787,273,4460,2785,2698,1173,224,1691,5060,1646,1595,776,3148,5343,2788,5104,5145,4127,618,3608,1401,3938,3192,3155,3957,4474,911,3363,4200,3475,754,1081,5184,3774,4018,4392,4178,747,1641,5096,2906,2257,680,3323,3053,370,474,5110,2565,4500,5106,626,2701,3896,3786,667,276,2554,1747,800,1156,453,4409,612,3082,2485,5047,2951,1691,4075,3877,4941,4904,1601,3461,4037,1643,5284,3553,1508,5264,592,1979,5184,221,1317,3372,505,3146,2223,3155,3141,103,4295,4446,1426,3842,560,1464,2843,3824,4996,3499,1203,2947,2408,3916,2398,4890,744,2806,2885,1399,1075,3238,3154,3506]

3. write code change all character in the following string from lower case to upper case
dddddddddddddddddddddddddddddddddddddddddddddddddddddddddddddddddddddddddddddddddddddddddddddddddddd

4. create file called "test1.txt", and write string format: "<name>:<your name>@<age>:<age value>@<gender>:<your gender>@<weight>:<weight value>" for example name:Jack@age:32@gender:male@weight:80


5.Make a small project. Read out all the data from question50.txt and then 1.append with the all odd number in range 1 ~ 100 2. remove all of the element which can be divide by 7, extend all value from (200~1000) and then save back to the question50.txt


6. Fetch all of the  number can be fully divide by 3 in the following string and save them in the list please print them out
86%241%257%232%194%520%500%438%982%302%203%995%283%702%79%904%44%473%149%727%483%446%34%35%957%139%862%800%641%372%778%263%583%736%365%359%319%491%615%501%406%25%268%619%606%630%830%124%158%973%459%907%524%586%682%484%374%929%677%622%574%277%269%940%530%647%447%809%177%664%837%445%172%681%474%939%768%616%547%555%794%226%826%721%333%929%857%995%811%632%955%818%954%184%281%887%707%551%794%358%47%928%991%299%593%722%998%830%958%408%714%615%478%724%531%976%75%29%573%696%477%247%187%619%703%332%224%941%357%528%587%100%380%682%680%288%920%280%745%176%405%783%283%171%152%648%145%773%219%323%232%624%693%820%491%740%772%504%659%260%836%976%307%893%304%437%261%837%213%502%685%189%993%49%712%958%90%337%191%588%514%767%949%811%716%993%129%925%888%893%490%417%620%629%699%992%346%889%175%147%235%517%384%922%799%777%318%807%52%999%472%637%135%404%113%631%576%556%372%131%990%830%609%367%945%367%727%74%38%866%983%773%110%115%215%525%83%58%177%882%310%348%443%540%785%148%416%971%512%379%781%907%662%686%429%175%913%903%461%310%550%910%207%632%738%1%991%730%29%227%965%848%233%171%196%641%595%372%165%192%336%479%557%541%811%110%609%155%69%853%160%112%850%199%681%629%331%430%66%930%104%244%317%344%162%793%536%817%829%152%184%267%54%450%495%958%725%186%406%131%32%522%883%949%891%244%428%528%7%680%550%474%367%468%167%195%25%821%89%711%403%751%261%861%339%574%704%629%144%855%150%937%344%391%906%702%913%889%571%792%193%769%259%659%27%65%724%399%281%362%316%895%465%439%767%32%647%407%697%203%616%497%232%284%433%909%366%591%729%535%140%324%997%843%974%247%278%435%58%333%978%145%240%32%492%585%847%18%489%488%234%768%296%51%242%632%480%81%153%770%904%876%582%706%742%694%306%568%871%736%814%150%180%510%921%887%978%811%467%369%834%98%818%432%743%739%494%932%498%316%80%968%50%594%136%893%111%488%786%439%24%916%110%424%966%174%291%821%43%877%624%206%779%882%794%445%872%101%446%886%647%822%344%626%826%874%846%732%825%508%901%226%151%724%434%283%850%366%525%285%162%519%235%158%36%315%304%259%274%429%560%810%18%850%857%987%559%946%341%744%111%874%899%331%989%635%201%198%69%910%329%978%497%789%55%671%512%795%987%188%184%982%223%744%434%329%758%124%910%993%497%496%148%224%16%919%242%624%643%379%191%53%506%675%539%102%873%347%864%605%408%169%914%905%676%832%405%741%205%5%380%625%576%618%415%453%975%292%850%892%116%222%325%702%80%301%142%112%446%981%317%703%676%835%922%554%69%984%760%377%95%215%261%268%708%654%861%411%10%970%662%196%852%963%122%886%709%35%801%326%650%666%674%989%417%846%124%252%262%515%333%748%79%348%502%164%730%112%387%710%214%286%888%359%669%75%920%466%113%333%440%300%859%738%752%770%439%697%946%37%167%654%540%348%618%180%415%170%98%822%957%123%928%665%898%54%195%754%944%705%830%268%599%723%289%138%76%127%887%435%13%252%387%569%707%695%135%806%726%975%701%92%666%289%327%235%602%373%3%836%858%497%841%561%864%974%280%994%615%77%898%522%987%546%387%89%485%178%984%777%383%667%951%432%333%61%587%169%348%578%482%704%450%673%258%722%628%660%729%21%763%69%165%625%861%249%821%726%784%958%267%960%305%591%499%690%371%755%596%432%98%984%887%50%795%624%273%440%122%898%170%571%516%754%544%607%592%491%789%298%653%713%370%415%487%103%967%208%456%972%789%980%360%914%103%529%118%445%576%350%461%86%933%571%534%227%77%989%958%444%691%2%766%6%856%657%523%578%156%206%468%908%411%81%408%40%32%487%731%853%468%838%897%246%722%252%523%846%903%258%299%783%610%768%54%527%212%654%108%21%583%294%98%207%920%258%243%555%539%385%732%234%130%674%61%558%594%392%683%328%539%701%784%769%118%667%684%716%313%243%588%525%556%123%290%768%358%991%274%373%608%61%541%28%475%259%533%172%477%335%7%727%64%741%517%455%12%622%428%494%296%66%917%287%477%522%264%388%440%61%423%458%351%735%270%246%962%715%388%665%756%954%62%929%353%960%972%985%720%657%774%706%318%261%668%40%946%35%340%881%137%845%983%412%553%234%43%384%501%42%150%581%607%359%821%387%715%650%142%324%500%978%12%646%673%821%895%277%535%189%7%667%375%702%139%34%447%490%242%417%72%340%939%378%913%309%320%599%613%1000%80%363%386%525%639%910%955%708%604%282%67%5%363%919%213%661%201%806%809%652%406%886%497%460%396%893%963%939%109%119%478%210%54%826%241%380%745%182%551%806%802%557%788%541%271%982%847%96%546%846%959%848%433%993%910%403%437%646%587%913%217%452%504%978%631%645%326%809%743%937%833%125%678%352%353%436%675%194%803%981%913%335%559%888%145%345%468%555%95%920%812%543%503%315%353%388%175%220%521%634%998%916%196%60%723%862%153%115%462%590%775%463%580%790%204%150%869%422%162%295%967%931%76%503%557%4%322%417%204%912%268%376%89%956%855%296%646%278%332%262%352%921%110%8%406%773%290%805%556%770%514%426%463%423%715%195%575%702%535%833%438%591%719%647%584%271%404%209%1%391%195%819%882%181%881%507%457%62%618%989%672%876%964%73%905%134%545%461%182%711%685%699%344%32%649%620%794%69%716%522%746%408%451%927%808%819%720%419%219%594%332%988%597%648%552%819%909%373%377%432%42%942%857%476%658%811%206%968%173%643%177%91%414%194%244%155%64%839%497%191%646%816%491%675%668%421%246%104%138%695%928%145%128%958%12%786%438%780%493%526%564%621%952%269%676%833%181%253%650%940%402%637%483%854%400%288%760%911%363%528%685%772%385%365%196%647%154%733%255%490%828%634%67%316%461%369%293%244%197%935%817%913%472%202%272%712%29%531%316%524%578%139%278%778%191%180%524%554%446%761%192%793%714%765%446%83%581%377%772%422%480%951%843%835%933%488%77%164%456%64%216%915%463%781%328%507%418%715%119%776%124%697%679%641%561%737%504%121%385%478%7%638%557%522%327%515%962%391%173%143%549%54%499%356%483%521%46%940%750%802%384%458%522%53%334%444%501%276%616%64%135%521%516%597%429%781%721%657%507%322%109%683%550%22%800%381%516%410%446%891%519%78%714%97%621%175%768%681%300%553%91%778%381%351%743%342%999%200%889%924%917%235%874%78%840%740%78%734%246%484%638%442%460%293%653%471%116%671%952%176%826%19%358%565%826%880%829%427%643%952%274%632%420%371%162%876%780%476%430%84%873%761%831%714%596%177%552%151%421%209%196%540%589%426%628%913%984%990%160%860%207%670%669%433%329%178%842%417%500%800%274%194%89%110%425%709%712%157%991%392%168%345%773%734%790%184%621%325%40%24%979%427%100%711%760%728%810%433%812%24%57%522%708%95%9%336%177%320%287%561%353%191%596%163%27%47%873%468%765%240%674%825%745%438%392%420%167%814%79%213%882%499%519%104%815%453%842%684%646%575%988%601%83%501%633%98%233%815%636%529%527%495%116%677%956%157%585%343%80%829%591%394%841%932%708%92%95%187%952%735%805%889%868%290%530%808%768%696%689%96%646%972%782%199%860%99%203%39%21%540%936%877%844%181%384%627%932%733%354%634%610%87%636%56%674%795%353%333%208%399%85%382%872%42%221%592%95%507%827%800%735%533%162%133%742%745%550%270%35%684%986%119%896%115%635%610%955%915%935%89%268%369%244%592%860%875%69%579%151%418%502%344%428%564%332%107%390%987%754%715%868%211%408%243%932%646%938%93%977%668%408%482%364%723%947%60%694%410%771%910%187%436%934%752%322%658%924%29%313%123%925%405%718%765%745%983%841%226%10%299%95%563%557%64%911%161%210%799%797%483%509%291%508%601%973%420%983%340%762%626%91%519%874%639%268%864%894%632%813%290%525%501%726%317%485%817%367%19%30%382%291%538%477%310%423%738%39%552%594%794%145%510%828%300%474%167%221%662%948%548%399%934%711%602%988%86%670%27%602%379%147%811%624%608%265%117%981%628%519%104%865%820%181%494%140%144%538%776%800%165%905%125%129%687%394%976%158%555%759%996%862%583%76%996%55%653%481%980%396%234%977%269%247%574%387%145%527%125%112%357%422%143%904%89%709%320%433%474%1000%66%289%765%514%678%270%828%407%950%371%746%94%502%16%558%931%882%912%876%606%424%623%330%831%783%261%704%416%289%777%817%126%489%214%648%119%547%520%578%942%108%627%359%296%599%159%512%167%408%674%250%139%817%368%380%980%472%963%675%28%194%362%174%235%393%147%691%860%905%832%433%689%961%616%802%310%203%523%359%419%92%469%694%902%360%570%8%403%438%759%215%906%852%320%557%193%805%867%667%59%748%394%824%128%123%278%902%37%467%917%903%163%315%689%718%845%475%652%333%941%560%128%963%929%426%415%959%826%975%664%425%451%271%389%229%188%58%976%383%209%464%500%845%282%966%841%851%702%591%859%306%931%226%337%415%141%826%518%611%636%112%526%454%368%658%898%764%8%576%391%548%327%898%201%229%307%178%7%887%32%72%909%106%393%154%422%730%785%87%994%601%827%953%182%387%809%478%877%17%964%435%929%460%13%500%991%760%480%937%828%433%643%745%92%538%554%594%328%944%587%722%511%287%223%625%637%515%589%615%919%712%671%846%748%102%559%454%611%235%798%919%866%474%379%609%915%377%798%576%84%396%591%631%775%245%399%975%960%208%75%239%573%146%300%569%588%638%786%924%579%245%658%650%642%69%662%170%687%34%362%589%121%607%524%430%997%821%938%726%451%386%504%873%590%810%134%554%444%770%806%508%776%433%622%907%146%540%767%931%861%730%607%521%822%741%959%170%915%546%717%948%279%788%768%517%944%738%350%762%455%649%389%519%181%695%958%789%6%204%870%338%518%854%559%88%364%247%206%480%151%368%154%117%187%241%488%596%737%336%718%869%535%203%802%980%381%994%532%306%758%994%826%35%655%664%73%952%573%48%168%970%518%949%723%461%840%238%189%196%170%92%536%378%908%214%707%473%443%95%428%115%50%169%272%681%520%899%977%639%705%643%137%839%376%959%208%586%255%717%776%130%609%813%579%43%962%662%816%570%646%206%489%377%782%611%675%511%783%698%498%680%710%415%768%533%291%672%811%716%461%323%33%198%621%414%452%876%870%951%791%431%384%351%561%662%847%308%548%181%351%244%171%791%309%95%161%849%226%873%867%358%943%891%555%246%895%992%491%363%103%567%379%757%457%243%641%33%722%530%762%167%309%643%646%174%984%565%403%180%85%151%378%403%113%68%896%890%888%500%771%61%344%377%980%919%526%82%24%473%3%699%518%436%569%516%76%420%405%297%24%235%878%653%817%504%852%799%565%510%634%176%574%506%148%257%952%426%424%476%630%745%752%772%23%780%522%529%986%845%561%207%713%543%678%181%22%657%674%740%167%269%304%404%200%203%577%988%563%872%743%238%475%957%956%691%980%223%94%791%31%241%99%939%401%440%666%635%974%290%748%16%95%656%793%890%158%537%916%787%287%868%979%456%197%521%23%316%186%269%454%545%820%166%772%799%98%476%317%531%655%261%105%54%59%934%208%277%693%118%851%673%267%929%775%825%314%55%822%964%43%971%745%692%536%282%867%497%433%892%117%349%860%61%112%965%464%971%148%682%27%653%376%428%486%494%312%166%131%290%246%885%558%156%764%232%181%76%110%443%989%364%499%867%569%238%962%75%972%370%89%552%642%747%150%313%219%835%572%788%289%680%669%899%519%104%463%632%991%127%854%957%134%969%325%268%72%199%915%228%731%499%787%732%378%996%545%875%472%163%130%575%688%468%464%869%780%108%773%224%3%831%921%906%431%688%574%968%970%409%895%602%232%162%362%292%53%317%481%277%286%517%374%467%419%628%545%43%841%754%811%267%915%855%40%155%592%380%603%303%20%875%863%819%797%242%926%515%299%203%114%649%38%942%942%321%248%259%749%329%1000%153%962%957%925%782%888%670%274%836%181%234%45%604%846%453%924%662%963%27%552%229%240%708%359%258%336%66%536%745%564%516%667%734%858%144%253%822%257%190%45%677%580%814%432%996%962%301%332%789%654%740%434%143%49%570%720%798%17%96%970%259%770%809%878%480%814%597%485%40%964%38%141%205%240%331%190%409%964%335%544%979%243%810%361%337%344%958%69%812%807%65%246%197%66%238%982%325%95%614%816%421%545%177%403%485%251%180%827%150%128%477%650%772%136%98%907%896%580%928%573%829%874%706%295%146%67%424%481%123%129%606%695%651%982%303%412%275%811%837%471%269%587%180%37%882%157%764%781%157%950%728%910%716%196%554%365%969%146%485%250%915%577%221%894%46%394%895%912%72%575%273%790%896%219%853%866%88%337%151%389%846%189%713%453%172%40%388%224%387%479%770%281%400%471%94%184%488%415%320%193%14%287%40%431%203%392%416%924%73%440%272%581%496%906%414%840%381%966%675%836%715%82%797%944%970%283%157%694%469%204%765%831%491%134%436%916%206%584%898%557%434%98%332%787%563%835%426%678%744%825%891%108%56%842%480%732%759%585%425%386%913%636%859%14%446%232%852%920%255%930%591%652%317%521%160%126%813%606%658%191%498%172%646%289%401%621%6%973%292%58%838%256%444%657%147%109%621%323%417%345%424%640%762%21%231%856%69%202%553%492%737%565%627%424%585%695%701%28%72%738%770%453%41%987%67%333%712%199%870%756%344%28%234%595%709%867%212%38%676%551%23%406%63%65%672%594%910%144%167%680%156%136%647%53%2%190%308%764%800%949%488%739%38%659%997%561%88%912%272%580%434%280%651%588%764%704%268%621%558%540%97%126%568%409%939%462%854%913%850%228%58%664%262%216%595%921%796%635%306%92%666%468%747%561%516%677%913%767%972%698%726%810%698%86%478%716%281%769%915%237%334%234%354%722%112%686%928%528%93%157%812%652%351%35%793%932%581%464%905%595%673%244%99%399%549%517%287%203%254%997%19%736%7%932%896%485%904%166%71%22%241%339%577%297%708%524%639%61%531%292%775%907%811%293%336%297%270%900%405%944%433%266%120%744%83%231%308%745%281%687%509%427%200%965%821%759%190%629%713%2%19%465%686%111%1000%759%522%741%137%23%738%228%172%709%762%546%433%55%741%218%733%255%956%154%753%741%641%964%981%32%445%953%589%186%729%388%880%254%300%385%886%580%599%852%210%407%258%761%419%38%232%293%194%908%731%460%127%501%820%109%359%333%645%668%959%431%167%850%194%340%810%254%211%455%614%137%616%840%944%495%684%811%107%262%991%123%332%945%181%701%423%681%101%143%893%503%245%327%574%173%373%963%371%140%418%724%532%157%794%348%918%809%885%386%646%235%707%458%352%181%233%2%962%566%114%15%375%707%351%505%261%814%196%715%299%437%495%513%442%531%755%95%319%85%616%308%617%132%834%975%529%168%576%279%753%468%502%784%12%271%71%469%151%141%701%161%924%485%673%276%26%561%614%234%207%479%178%442%22%397%818%53%788%76%832%207%388%787%437%205%585%458%344%940%333%587%656%936%838%433%511%741%425%488%767%157%475%474%135%890%837%697%635%706%43%65%414%2%867%680%997%700%896%817%135%27%243%437%36%380%624%58%114%237%893%644%555%886%300%111%306%829%802%694%879%432%84%522%156%94%269%954%130%443%24%144%337%903%447%981%160%842%227%697%311%781%323%912%250%670%284%823%851%278%620%424%315%69%947%247%373%264%820%243%338%644%659%666%507%14%946%17%725%632%558%738%113%249%766%279%592%441%316%185%210%784%736%318%727%474%55%174%500%384%977%362%939%137%433%569%919%149%365%752%292%191%806%9%157%355%873%207%181%575%987%70%996%773%810%545%872%345%11%184%955%258%898%316%184%474%155%187%584%795%44%67%325%648%659%973%268%563%93%743%915%715%748%107%294%649%485%781%84%457%893%951%995%191%376%522%880%250%595%246%86%898%430%158%351%491%91%652%424%864%426%389%844%549%204%946%59%113%225%389%466%121%165%161%826%907%148%855%360%374%418%493%267%943%250%521%646%174%444%170%868%8%357%716%294%373%499%153%257%428%228%256%587%56%147%173%206%141%279%612%304%740%585%738%81%726%394%349%33%925%915%682%989%44%646%492%863%21%238%501%147%768%618%672%226%761%1%998%274%811%641%928%154%483%310%6%369%299%130%33%910%200%823%446%614%744%524%338%2%592%267%823%459%651%457%92%786%419%725%561%76%295%589%353%408%575%700%328%779%977%339%183%66%610%175%818%642%579%877%340%502%40%138%963%983%825%328%47%710%484%856%155%546%252%16%883%615%773%592%372%883%725%626%670%130%868%88%960%806%356%850%819%920%362%981%175%682%636%8%647%217%774%520%280%430%11%387%40%395%489%946%126%57%266%238%812%43%717%503%941%314%634%929%87%239%396%173%549%995%152%84%802%182%934%609%104%630%873%38%12%699%352%947%347%799%130%10%68%213%683%464%259%412%734%786%467%514%676%758%238%992%489%129%542%166%80%794%582%972%263%904%648%267%511%997%918%175%991%251%837%114%501%804%150%714%310%879%363%632%650%63%651%999%903%114%756%12%879%142%470%945%884%702%580%747%458%608%666%111%642%552%766%280%184%877%410%988%498%253%672%931%691%213%657%551%118%562%433%252%950%361%345%956%165%938%755%202%299%448%865%556%564%50%380%483%628%165%197%902%124%741%14%738%909%781%337%825%265%724%581%116%833%561%977%895%407%83%533%520%634%658%688%942%215%5%246%772%345%538%1000%221%64%485%51%423%927%500%70%302%389%267%413%745%266%320%209%436%944%53%217%898%690%331%878%455%867%30%964%520%620%703%165%546%482%6%279%800%261%15%492%214%688%444%279%872%64%508%33%289%160%890%468%815%267%251%849%900%25%547%484%210%933%174%699%356%723%465%894%897%388%587%821%928%363%446%338%777%570%605%234%447%622%563%319%29%717%579%19%115%666%851%324%374%998%364%15%514%683%528%147%801%282%62%510%546%767%874%242%333%39%83%535%143%47%796%859%927%812%128%995%636%389%619%781%966%786%282%737%98%730%852%994%416%290%725%27%493%862%626%445%347%698%407%214%928%62%853%428%778%239%367%690%773%898%148%523%480%387%810%413%837%326%132%559%931%652%569%389%887%397%784%643%884%437%347%778%824%132%110%175%693%657%305%954%364%62%475%2%273%901%283%703%935%618%649%178%96%438%453%908%234%199%796%29%106%628%416%842%309%805%410%329%525%626%349%991%992%430%979%90%179%39%853%74%883%748%169%788%353%713%172%519%587%116%978%934%323%559%620%104%199%432%871%951%576%276%236%36%801%442%977%182%240%200%870%209%641%762%558%692%227%269%117%894%137%631%467%975%883%765%771%66%244%415%352%517%209%606%347%146%81%702%672%706%897%283%65%475%431%156%722%694%548%794%400%232%361%165%865%825%375%26%51%797%906%845%214%37%658%996%968%42%594%252%767%321%334%5%960%383%15%706%926%880%537%287%798%104%390%552%860%184%82%434%835%136%851%817%251%131%310%589%707%229%552%248%797%963%123%961%6%851%217%399%899%967%64%859%960%656%765%107%195%279%798%706%811%337%355%387%574%497%275%229%612%480%14%358%526%269%792%313%626%129%353%336%111%430%193%125%476%449%474%845%876%377%44%423%538%639%643%853%550%606%668%60%843%425%435%696%191%674%867%283%540%493%760%311%842%54%37%749%581%90%419%600%412%71%730%165%949%728%803%484%692%918%422%394%525%607%743%671%895%9%898%41%237%292%132%10%159%789%306%290%435%930%108%947%266%963%662%181%475%322%368%28%420%278%490%768%893%591%310%799%152%723%242%179%543%108%513%706%729%143%65%685%85%715%734%636%903%440%741%167%549%786%257%716%912%122%427%24%407%941%357%744%390%101%437%896%161%780%896%530%121%675%299%716%257%252%981%263%856%12%687%962%312%11%62%137%227%68%943%103%619%565%544%256%248%333%890%302%768%799%650%580%968%797%363%254%661%316%631%587%591%780%988%791%670%993%168%472%575%142%48%288%306%779%865%801%764%276%655%289%951%461%299%761%492%586%117%484%112%516%909%271%888%539%60%451%41%303%349%482%76%438%257%598%666%184%75%823%458%615%22%907%646%714%952%260%310%849%362%747%91%45%796%25%435%903%952%167%694%843%381%69%137%346%647%352%551%739%840%995%408%793%458%252%53%561%985%157%298%700%304%46%155%348%595%291%530%825%282%929%395%990%480%786%580%642%418%872%547%928%255%481%507%108%768%296%608%887%143%824%166%242%982%976%7%90%907%958%431%713%11%15%9%373%704%16%299%49%420%726%970%859%451%180%7%334%914%629%287%965%48%99%674%888%997%719%968%796%147%164%195%987%725%237%871%165%198%653%185%666%492%746%962%129%545%669%164%495%951%789%368%463%705%782%962%561%132%569%452%712%569%352%373%436%371%573%257%665%721%285%600%279%814%252%144%735%61%744%201%488%306%462%36%849%863%805%802%934%744%970%805%405%436%1000%611%789%36%954%869%8%109%94%968%958%300%181%785%709%268%865%196%10%169%49%289%993%745%670%135%934%803%219%897%425%630%522%166%958%175%5%114%522%515%496%395%700%738%193%693%897%526%415%52%966%55%957%241%134%811%128%284%479%289%565%64%875%485%166%929%117%682%542%406%738%390%801%573%104%536%115%991%101%805%72%517%45%638%660%486%443%784%414%669%697%133%27%49%429%709%343%786%951%160%634%661%998%132%777%478%468%354%976%892%79%588%941%914%902%298%831%931%261%316%941%488%88%211%301%906%569%408%860%734%154%351%51%612%294%260%329%899%312%93%168%807%960%175%248%147%664%87%197%857%865%723%667%123%916%579%304%489%334%287%843%632%988%880%52%713%493%862%90%612%498%123%255%282%128%656%356%660%295%295%345%251%364%867%101%819%410%632%217%425%354%632%340%723%386%429%409%75%11%861%873%749%150%613%543%931%574%443%796%600%566%974%558%969%472%441%9%245%405%840%427%658%124%918%167%614%692%20%865%305%900%628%302%737%840%192%321%805%765%232%916%148%263%919%789%330%122%580%598%130%30%517%24%921%939%942%74%607%564%13%723%237%233%980%298%496%644%240%932%249%792%912%988%237%543%800%563%68%932%213%525%822%329%348%605%269%309%193%726%949%850%686%335%772%564%596%85%490%467%519%66%453%932%948%44%482%619%902%655%121%964%596%4%532%46%377%146%599%132%783%990%361%417%87%398%154%36%510%640%685%574%95%164%141%62%848%916%811%446%809%127%888%47%388%103%768%612%497%134%739%953%150%109%527%857%585%672%808%34%80%371%448%713%439%76%224%699%738%222%666%606%566%73%498%505%576%201%724%709%324%170%29%371%610%150%979%351%832%573%890%449%945%622%409%782%227%638%595%743%148%968%504%402%222%344%834%1000%247%920%978%78%795%102%288%284%68%372%784%826%347%496%886%808%355%355%249%656%593%909%784%420%45%140%109%218%953%856%70%833%252%4%494%384%551%757%858%576%485%128%694%966%726%298%361%898%468%24%157%978%445%645%561%139%474%749%635%968%998%39%854%945%866%411%111%265%940%945%489%802%649%863%835%41%267%447%271%638%256%440%743%788%485%408%2%451%421%103%633%756%61%884%271%346%993%233%927%380%952%854%609%299%662%50%818%670%798%463%262%215%134%974%33%479%17%843%556%160%954%683%593%710%132%919%627%698%911%34%714%222%889%879%851%992%655%457%784%634%242%33%402%100%909%735%798%539%151%85%353%877%380%458%213%754%641%276%969%662%186%412%750%280%998%505%263%485%380%99%33%381%19%211%449%619%786%124%775%884%201%14%72%463%145%6%293%721%43%870%486%570%442%486%813%984%294%958%258%607%103%376%78%156%251%809%225%187%266%214%339%738%18%830%578%443%502%371%930%944%728%815%161%465%473%882%756%549%743%862%736%344%643%186%570%194%524%335%219%536%749%957%883%921%387%69%383%367%521%279%817%600%424%412%689%900%73%876%418%193%280%471%700%198%151%918%76%625%660%466%756%344%835%286%16%158%63%858%472%124%271%47%753%874%568%130%148%147%418%287%432%113%253%86%289%600%694%441%710%291%653%179%97%983%230%605%760%800%128%105%675%135%458%277%900%935%428%285%659%640%341%548%784%9%348%700%561%56%442%275%536%130%11%120%556%910%378%374%727%264%323%372%217%9%412%216%31%269%646%61%521%547%535%616%999%90%84%803%612%302%882%215%329%264%109%811%143%444%643%239%475%864%47%291%299%259%699%909%650%881%400%828%271%464%902%857%934%895%202%350%352%171%425%113%618%768%563%630%208%617%410%802%4%23%696%512%113%490%237%392%241%237%120%334%310%223%277%763%559%702%770%6%652%282%241%711%919%280%495%574%608%442%561%736%549%556%637%9%297%268%211%212%821%296%397%911%43%680%499%449%988%910%501%804%407%603%135%308%344%677%678%299%425%752%341%278%407%249%818%977%961%766%332%223%929%758%1000%867%43%627%196%708%125%671%49%3%119%496%199%257%984%659%781%983%718%674%128%182%873%693%706%224%669%262%154%629%348%828%416%643%832%722%365%693%871%929%90%260%852%889%299%195%581%971%326%838%105%931%969%784%914%32%372%493%586%520%146%393%210%113%437%165%42%432%206%580%775%467%684%239%486%421%466%927%148%40%633%617%993%805%962%297%568%533%131%779%296%646%362%157%758%843%691%883%700%886%936%9%231%504%425%890%522%510%94%381%742%391%674%488%184%836%609%357%111%159%229%221%926%191%418%916%5%518%805%871%692%167%626%943%469%868%850%49%204%38%875%43%121%877%181%368%553%641%393%569%944%276%128%511%458%737%84%152%687%454%948%881%903%783%467%724%941%526%474%539%959%184%638%674%33%125%341%650%60%613%380%877%376%496%313%141%561%353%329%977%157%150%707%710%804%783%995%531%727%197%905%987%962%873%134%923%907%964%152%151%467%706%808%389%858%489%391%790%524%337%391%345%638%700%507%194%758%239%37%757%482%177%375%551%857%327%293%602%81%571%101%646%534%677%416%223%10%719%543%526%981%1000%464%78%30%509%285%326%64%385%801%60%140%216%199%118%269%66%256%924%592%238%726%176%819%327%176%408%208%862%135%124%26%103%320%334%620%639%642%545%620%596%721%347%559%844%99%448%268%950%661%375%798%392%646%658%730%49%245%523%984%920%677%959%182%801%195%698%624%968%28%319%712%389%575%211%550%461%800%898%649%875%787%20%648%441%732%880%832%360%800%693%474%956%134%401%917%244%122%759%266%883%540%43%555%717%453%155%341%904%756%690%598%212%824%466%269%458%860%301%137%974%587%267%197%334%990%63%983%615%729%613%410%183%82%715%192%922%910%102%914%947%109%349%105%192%456%904%85%752%285%628%322%555%626%584%652%675%675%417%584%633%959%585%751%602%659%97%725%873%7%515%19%913%389%204%321%934%362%245%825%91%260%701%540%869%995%294%43%183%78%369%859%88%451%342%718%109%844%784%361%53%33%329%595%978%84%945%912%760%534%230%418%995%760%478%981%538%118%953%769%113%562%632%362%536%56%27%161%331%215%757%221%564%227%487%386%933%261%1%134%84%52%747%185%991%766%334%31%679%783%769%939%258%141%9%77%655%294%550%68%242%137%554%736%40%744%216%813%452%103%848%54%586%671%94%600%520%310%768%221%131%863%121%833%399%158%795%5%434%178%323%982%300%62%745%407%776%135%205%218%595%70%398%325%628%203%649%260%376%684%79%274%156%833%947%77%674%946%155%452%172%613%696%379%994%757%597%484%269%404%459%799%736%889%193%553%556%542%454%743%817%685%402%753%284%291%937%289%951%627%528%330%882%594%266%891%1000%237%844%812%353%295%781%824%340%673%72%908%544%786%156%310%665%645%368%487%427%51%447%805%85%312%334%189%699%433%925%858%281%351%325%692%654%625%878%38%206%695%954%974%426%155%569%553%7%554%165%83%674%226%398%986%772%459%716%33%527%191%556%630%182%830%547%755%982%524%373%704%888%731%196%435%398%257%298%395%775%774%477%499%991%722%753%208%255%264%90%633%254%191%816%362%284%796%476%484%871%236%744%826%27%290%852%153%473%622%419%874%165%781%495%873%845%207%617%630%206%674%31%272%596%713%590%219%632%233%43%282%374%461%804%145%472%405%797%808%351%900%209%433%789%886%276%134%288%807%355%732%423%421%53%11%681%532%114%386%94%718%156%702%302%483%233%248%583%326%144%328%377%652%742%714%979%796%292%775%570%127%903%941%804%578%7%154%483%617%106%710%85%678%18%725%708%392%986%577%379%250%770%676%40%716%158%809%876%969%565%895%289%172%865%801%673%224%831%127%720%156%683%782%512%180%898%833%990%980%135%813%76%869%734%422%846%57%134%774%790%574%751%338%687%133%409%479%119%514%955%445%386%577%63%861%822%974%821%20%589%774%774%248%475%268%445%879%237%987%774%62%585%84%439%747%452%697%892%154%841%888%55%18%268%595%659%489%490%155%765%292%192%802%424%409%962%549%337%627%289%922%404%291%193%114%96%895%542%51%108%214%985%852%957%492%2%629%635%321%367%459%780%979%520%501%13%531%212%494%547%198%174%575%992%579%280%643%28%815%229%177%995%18%817%831%349%637%524%147%721%154%262%823%944%975%57%418%827%2%501%235%165%656%431%696%408%965%290%49%409%92%414%195%153%289%20%964%65%918%69%468%734%44%783%421%455%737%99%531%56%15%538%194%15%817%534%323%76%118%229%31%486%636%190%975%336%31%183%849%213%840%146%233%621%880%543%644%350%835%893%761%716%112%367%427%25%927%872%598%222%383%27%433%52%936%998%107%659%425%916%490%813%553%315%622%383%955%11%629%901%497%390%153%221%548%364%759%936%203%460%223%139%479%438%180%687%827%669%315%74%358%404%231%620%666%843%495%923%382%648%634%575%222%693%139%178%647%184%407%794%563%297%856%184%478%210%240%214%933%149%97%173%708%580%898%192%34%142%637%565%155%566%4%591%944%967%37%485%114%249%651%953%622%851%952%574%767%721%291%981%216%288%807%991%27%492%292%570%411%497%961%918%619%45%326%229%257%427%678%238%397%233%761%198%105%426%630%847%443%622%71%781%657%882%168%133%852%834%951%952%674%106%874%18%489%351%434%903%179%409%567%376%136%881%495%241%541%395%914%442%869%100%371%374%442%628%59%51%104%576%435%840%803%31%243%517%974%305%134%488%365%741%931%209%500%325%112%172%492%345%177%698%845%566%403%50%466%118%776%539%44%955%268%287%665%96%987%821%568%640%116%218%617%383%832%284%746%973%675%229%601%620%767%779%398%966%857%97%122%563%38%1%155%970%89%572%237%107%907%159%486%133%933%355%224%833%69%290%257%440%699%415%724%968%619%23%903%240%814%980%836%935%924%588%1%151%254%35%577%412%907%949%164%298%360%437%392%15%105%932%538%5%660%461%138%699%329%406%800%1000%365%200%531%50%939%916%148%179%456%966%877%131%463%632%972%216%562%600%755%650%288%819%937%135%956%143%280%563%523%788%812%389%703%34%708%359%443%451%297%992%371%305%663%215%479%205%272%603%369%272%484%988%510%961%354%300%94%483%846%684%565%734%80%69%512%101%880%882%119%986%230%306%128%715%10%991%580%674%912%41%396%237%136%793%11%929%933%873%758%845%465%229%994%315%373%224%979%536%139%137%445%465%764%195%68%195%330%546%720%647%137%552%172%602%848%829%55%818%428%337%598%629%676%685%67%952%365%753%80%48%947%886%746%285%156%89%624%143%689%889%64%433%233%311%253%249%252%615%628%494%949%455%478%500%620%350%418%947%842%891%17%755%383%951%771%242%209%781%534%745%134%159%581%150%182%570%614%852%923%418%783%211%696%69%235%309%431%968%846%354%806%265%426%592%349%925%977%904%530%578%651%878%544%564%456%973%244%787%887%691%426%502%382%587%63%191%875%775%428%508%352%670%596%41%331%589%97%699%145%217%900%112%644%666%530%696%491%667%897%506%499%149%571%857%316%548%87%929%74%669%42%218%922%924%600%424%218%910%663%408%241%19%439%841%486%872%630%883%749%166%425%524%909%463%256%168%530%842%554%465%452%326%177%255%342%358%999%655%278%690%598%667%921%745%125%446%61%991%898%328%577%941%914%735%328%572%923%181%253%568%246%582%329%205%664%856%196%420%592%372%908%969%17%31%890%770%614%230%483%664%11%27%68%281%615%879%483%649%902%999%756%714%601%993%124%44%133%992%595%611%463%855%524%835%12%492%796%206%340%84%826%288%493%725%496%697%924%491%119%980%666%149%460%187%874%994%697%795%330%590%530%903%825%598%75%182%496%861%453%575%429%526%633%874%42%318%964%741%993%11%80%651%321%415%475%192%980%83%346%837%667%179%89%851%457%894%337%868%294%988%106%499%745%160%659%266%663%497%309%235%370%362%682%608%278%141%522%872%764%558%459%732%437%923%37%628%537%107%7%966%905%330%324%908%713%89%591%624%542%832%566%413%839%860%32%6%957%172%554%887%932%3%819%281%923%327%747%63%150%744%874%281%385%926%440%116%84%432%197%769%578%934%181%397%61%669%350%414%829%399%193%474%904%536%262%642%509%663%977%894%591%862%412%215%585%809%485%387%835%117%948%33%825%582%121%110%708%358%526%887%811%714%489%529%954%816%358%32%288%218%574%85%577%898%507%883%406%799%471%596%534%111%635%121%234%167%929%178%305%906%874%514%532%315%403%79%167%36%10%332%483%691%402%662%535%225%192%527%210%190%518%146%534%86%208%34%682%973%246%745%564%104%939%464%803%643%465%864%65%150%35%807%846%512%536%450%814%785%931%694%711%46%618%637%721%101%870%162%331%26%620%232%734%505%382%373%51%992%128%443%527%397%301%172%237%737%652%509%601%692%577%84%368%459%467%834%836%314%413%478%833%452%433%77%402%935%560%920%707%289%898%529%504%962%348%638%980%460%825%390%710%978%875%694%996%326%300%884%336%758%857%360%705%668%554%907%725%37%490%880%155%533%646%690%539%679%466%846%393%789%856%310%813%441%237%707%581%74%797%329%359%22%916%937%539%154%95%208%189%780%688%712%652%952%256%832%274%722%929%4%418%988%446%341%482%513%30%549%822%434%185%877%694%170%286%953%725%142%970%990%861%335%603%330%350%177%143%776%660%923%257%478%896%651%419%633%828%379%209%931%228%884%346%901%342%233%916%988%725%951%788%262%197%182%831%931%749%631%582%217%392%62%457%938%740%919%882%464%130%677%888%79%506%18%568%832%35%920%29%300%693%803%220%83%485%704%421%431%806%416%394%365%571%545%662%174%566%241%823%234%422%559%965%183%525%218%164%80%337%109%303%7%767%310%393%390%9%593%613%185%466%252%337%949%306%570%206%481%887%812%51%772%173%471%828%317%675%470%665%832%925%839%184%806%521%62%942%542%580%165%869%444%424%916%125%498%493%136%409%369%452%948%105%301%402%286%677%531%381%771%364%701%827%759%421%80%206%623%109%10%124%492%907%675%442%793%484%811%129%805%271%841%133%121%172%892%831%232%622%506%649%226%485%519%253%416%132%493%784%42%56%387%69%559%337%895%927%81%342%326%493%559%512%599%720%723%98%176%220%866%53%106%894%490%356%978%110%674%877%234%392%834%981%255%352%850%462%480%923%550%525%864%110%886%108%985%572%690%524%733%250%604%147%706%453%595%343%926%882%302%230%278%381%599%850%636%624%953%653%444%857%908%794%165%532%865%431%124%484%526%348%769%763%405%519%534%662%112%943%511%62%689%949%66%653%394%278%766%448%575%914%137%763%738%467%577%695%36%690%497%513%593%819%857%745%308%653%696%233%605%880%396%519%298%904%340%326%566%155%257%178%238%609%814%182%793%404%906%321%589%519%597%733%243%328%695%226%431%312%996%359%957%636%572%4%431%689%785%361%566%93%848%598%270%131%245%531%748%710%358%280%479%740%716%893%527%101%43%762%793%227%360%238%428%693%308%451%820%418%795%796%968%7%780%8%569%392%993%753%481%360%417%41%803%588%459%810%408%979%55%952%562%316%17%494%654%458%121%910%586%740%598%296%212%970%190%576%112%155%533%47%211%535%460%108%285%156%136%715%95%856%833%965%11%626%230%348%957%47%334%686%317%442%649%664%401%301%961%730%902%921%99%805%150%731%291%165%665%49%850%978%957%84%155%178%202%522%67%579%708%483%743%486%319%222%353%156%242%453%4%567%920%95%738%5%264%427%364%555%527%859%166%848%432%206%731%780%427%725%197%157%98%403%897%40%191%119%258%773%514%232%981%429%556%968%405%102%946%407%309%956%103%738%246%137%207%696%198%687%166%286%283%63%306%78%475%986%8%579%943%286%703%325%179%87%411%779%499%74%741%816%334%874%589%832%464%710%438%634%533%436%439%448%517%555%464%717%759%712%124%664%184%350%62%260%653%980%272%686%251%191%755%219%81%162%529%986%941%358%79%231%725%386%723%964%340%477%939%97%303%753%639%319%102%974%582%809%25%700%864%547%95%152%431%707%772%295%75%503%887%288%197%232%170%734%670%56%983%568%859%527%976%597%753%257%72%396%262%608%221%869%458%781%921%629%702%467%880%181%308%402%827%827%848%598%342%599%801%660%336%538%165%926%659%742%720%926%7%612%594%591%730%834%357%398%684%527%560%901%125%174%612%623%484%101%284%141%152%92%60%863%162%904%529%169%225%765%78%638%145%456%950%948%825%458%270%282%714%532%300%737%993%520%58%163%652%151%206%450%440%200%118%424%578%520%782%712%68%18%449%370%278%744%703%28%41%895%292%945%721%547%366%623%491%297%895%546%298%806%574%447%213%832%260%729%3%461%569%870%998%338%107%393%408%63%249%445%706%491%120%340%69%337%994%606%140%221%396%5%24%114%816%600%590%208%400%903%236%455%278%47%104%815%445%208%611%316%17%205%429%937%925%471%955%156%253%768%851%272%408%668%682%109%76%299%662%893%610%106%139%43%745%144%76%85%164%592%458%652%967%955%94%37%991%73%852%550%793%275%783%791%798%913%688%697%199%649%538%103%613%397%265%33%621%42%969%244%622%588%584%237%914%54%230%240%238%650%336%838%713%148%833%233%686%414%769%794%19%372%459%925%415%227%693%166%810%177%285%401%466%536%691%516%420%463%311%679%868%16%377%701%595%646%989%576%186%388%308%90%981%770%762%465%85%426%13%968%862%641%337%396%632%24%911%743%872%585%414%443%171%854%779%273%612%330%497%607%296%789%311%790%563%73%215%275%222%166%222%709%111%539%105%278%936%288%464%589%415%983%782%173%634%741%615%409%981%322%397%715%473%787%718%723%253%250%827%143%810%820%133%770%934%464%171%90%271%285%240%558%974%561%790%653%654%484%74%230%479%221%341%17%502%883%697%19%750%657%306%348%830%888%85%863%228%164%432%212%180%932%21%689%442%667%117%633%513%985%89%929%683%212%119%905%710%926%233%876%392%536%740%936%359%431%242%37%22%13%861%938%875%212%364%921%707%581%989%435%485%961%787%909%453%642%319%521%946%375%246%970%905%10%41%733%546%110%586%76%324%980%476%181%907%651%507%16%89%658%147%366%945%679%954%397%679%696%745%620%792%738%984%18%36%45%826%533%144%804%154%749%598%132%420%900%958%956%438%109%268%758%412%453%986%734%170%904%844%880%603%205%52%201%855%269%827%377%82%119%184%468%58%67%699%775%176%37%223%523%206%991%640%875%243%882%876%562%758%11%779%488%23%892%258%957%951%651%212%559%418%483%904%286%949%252%49%736%276%800%614%996%967%2%863%846%890%652%407%289%444%629%251%425%442%896%734%174%707%911%921%47%831%604%652%26%63%172%894%308%367%380%504%499%490%412%157%218%108%653%418%753%824%519%960%591%287%126%764%136%846%5%699%921%620%330%428%324%383%154%466%623%666%107%443%387%832%404%176%20%544%341%887%420%196%399%322%867%832%197%202%54%473%286%757%744%738%765%962%629%886%218%125%447%864%34%799%819%144%88%809%212%67%569%498%49%685%672%542%421%209%997%125%226%642%812%890%484%302%63%837%138%467%654%471%448%366%680%69%33%535%703%326%608%36%877%241%975%190%362%172%220%366%843%822%662%254%555%673%64%873%31%82%195%361%950%232%861%308%251%300%984%94%345%758%201%479%607%151%90%492%354%903%363%507%779%264%327%34%43%235%235%277%930%54%558%312%167%494%961%17%298%534%136%807%766%16%40%446%147%456%932%689%541%128%199%786%533%418%712%663%669%503%396%361%796%733%783%899%496%699%472%409%164%529%756%294%133%144%523%441%672%264%309%414%215%897%183%348%773%763%216%599%373%121%119%708%581%383%595%451%399%509%697%676%408%188%818%121%796%201%371%70%305%307%852%630%25%476%225%711%772%901%774%710%941%532%907%241%288%276%449%467%963%494%847%178%315%447%654%540%586%538%585%204%340%251%902%554%386%1%103%704%210%382%981%253%424%524%606%288%670%24%105%65%427%577%593%593%779%615%395%750%274%983%362%280%215%213%296%798%969%118%978%778%159%5%52%983%470%747%803%162%227%66%336%739%185%528%554%211%590%917%783%695%445%97%794%420%379%933%388%112%956%568%156%647%627%968%731%835%179%787%251%472%526%661%201%403%917%691%86%766%150%823%559%137%804%66%699%220%472%669%893%204%702%203%891%136%116%277%109%76%990%702%371%56%110%659%449%278%503%902%797%286%868%770%433%653%36%619%230%2%124%370%969%36%457%434%745%330%2%920%190%29%964%223%778%125%543%386%888%162%753%268%34%295%20%711%303%770%790%112%977%76%104%777%156%910%913%48%540%420%622%440%971%283%154%193%747%398%787%106%663%961%943%122%600%820%53%734%515%396%972%409%452%890%756%591%984%312%966%923%459%42%402%172%561%596%553%518%278%894%408%801%200%428%514%426%973%807%80%163%73%771%976%568%978%501%81%607%965%164%239%456%141%921%243%306%137%140%341%302%922%74%535%430%601%641%491%864%964%232%519%574%404%553%430%111%453%980%740%123%940%30%496%183%427%878%345%29%833%467%999%813%628%463%465%157%943%53%625%933%249%994%415%287%58%186%46%453%887%962%532%203%24%518%510%787%525%119%676%183%834%794%469%28%451%518%604%449%544%395%204%472%69%63%850%755%852%597%713%102%712%740%765%347%697%420%719%49%591%744%596%788%978%295%395%611%260%398%482%243%558%195%442%406%350%432%441%542%369%672%608%778%666%509%18%317%727%993%258%225%859%294%886%809%203%593%635%386%385%273%495%970%497%162%348%676%961%890%705%10%246%126%160%502%410%18%635%742%361%624%473%481%117%626%716%856%926%486%565%121%666%742%530%101%964%467%336%238%790%875%57%782%470%111%411%543%958%524%853%747%783%480%779%199%132%626%390%994%217%656%289%718%507%517%737%783%630%155%360%834%307%374%214%402%594%589%647%388%590%597%944%482%207%462%35%659%893%896%466%59%527%33%175%679%138%978%159%460%913%843%863%39%287%220%641%124%63%300%962%905%177%152%225%18%519%914%578%449%92%416%788%261%760%757%963%79%793%433%56%510%612%827%131%284%273%407%294%92%989%970%719%520%277%171%55%727%242%403%178%290%852%531%197%619%350%244%747%150%66%91%412%485%21%146%509%859%786%915%480%209%991%18%799%795%285%805%262%968%76%482%795%215%58%179%218%299%24%197%853%313%853%807%181%922%483%67%448%788%215%373%938%390%837%668%974%288%327%158%853%405%909%980%138%357%793%508%473%694%122%218%934%994%990%693%467%57%742%58%190%32%104%810%161%963%559%527%368%471%306%649%637%841%474%973%291%238%621%220%539%23%387%981%836%10%385%376%894%311%51%438%422%985%705%328%899%322%521%199%19%838%299%710%851%433%418%849%670%709%913%64%131%582%556%990%975%710%954%619%385%375%900%807%218%919%927%462%142%355%479%102%857%408%362%992%115%168%400%761%344%602%734%89%743%329%751%635%741%867%53%878%657%704%529%299%242%280%343%793%613%233%375%21%323%593%728%705%849%255%655%773%309%884%771%805%805%655%328%750%923%548%312%972%301%347%556%881%185%847%233%944%706%318%950%964%696%358%625%541%686%50%52%295%679%537%309%965%564%129%411%317%835%637%602%336%981%39%952%631%229%278%862%802%917%183%400%913%143%971%792%909%5%592%592%844%384%218%922%611%846%551%301%962%85%782%248%640%183%66%65%556%871%521%161%799%281%614%588%482%288%880%548%399%717%483%70%158%221%231%115%505%999%705%857%192%742%28%179%299%475%172%237%600%435%65%735%48%501%622%521%2%468%729%376%787%599%159%590%254%429%633%279%189%87%26%106%985%267%453

7. Could you please append the element presenting below to the following list? for instance if the list is [1,2] and the element is 3 then the result should be [1,2,3]
list_1 = [1,1]
element = 14


8.  could you do a code when you run your code if you input your name then print out hello <your name> else print "sorry i do not you"


