'''
 This is the test for Hugo python ability. Test hour: 1 hour
 Author/Teacher: Jack Shi 
 Date: Sun Sep 18 10:30:09 2022 
 Student:Hugo
 
Note: 
    1. Student should do the test by him/herself
    2. Student can browse the python syntax from website
    3. Student MUST sumbit the answer when time is up
     '''



1. open the file test1.txt and change the weight from your weight to 67

2. give a random long list and print out first one mid one and last one
 for instance if the list is [1,2,3,4,5,6,7,8,9,10] then the first one is 1 mid one is 6 the last one is 10
[410,989,896,279,613,183,470,177,198,342,663,422,733,459,884,240,584,296,619,198,585,459,516,61,93,611,742,797,303,73,345,375,219,816,602,108,23,903,139,524,608,841,966,619,831,758,745,120,417,307,88,952,93,766,69,1000,480,334,944,580,294,845,978,292,699,468,993,822,464,52,525,815,458,936,230,64,292,813,964,172,179,701,48,56,362,337,430,663,418,821,473,632,360,484,448,161,920,406,530,680,321,883,297,144,110,701,670,287,525,989,278,149,613,367,688,782,55,204,280,520,743,376,557,537,300,720,910,403,754,270,583,229,70,956,121,629,261,14,49,839,83,996,82,796,219,266,68,421,469,596,404,47,680,562,411,465,317,796,598,752,368,288,727,560,513,554,609,886,921,451,727,351,411,569,870,765,136,364,502,764,37,893,819,861,918,426,627,174,515,173,620,628,763,358,677,397,743,502,64,243,380,846,461,784,197,500,727,239,940,651,176,45,576,115,7,832,136,10,796,508,289,87,236,753,784,376,888,268,614,996,368,924,275,670,869,409,170,746,457,782,304,743,914,708,865,78,605,50,486,280,207,539,770,441,912,680,304,86,500,704,340,303,816,866,636,827,824,920,288,931,616,988,69,984,11,910,580,467,767,408,285,968,35,735,143,287,340,888,138,779,161,519,700,967,420,846,234,215,964,907,714,956,428,999,739,672,64,816,877,523,281,563,487,385,377,878,230,262,221,205,756,893,104,776,233,679,681,613,89,295,837,930,938,41,664,759,873,481,402,193,204,959,325,286,22,836,106,109,1,144,609,545,653,337,515,289,121,911,664,430,335,386,840,766,853,833,307,592,73,81,92,565,432,996,568,475,230,506,793,239,332,288,490,177,979,386,717,276,372,487,334,145,79,136,256,150,96,807,368,362,916,682,98,555,844,811,227,276,952,485,293,240,802,899,631,339,802,208,108,628,87,301,79,562,265,113,622,864,771,740,888,650,619,966,772,104,863,892,45,729,146,779,698,750,386,321,41,394,492,258,158,439,597,571,950,510,825,161,544,748,119,658,871,81,294,930,556,242,433,683,149,380,328,558,630,410,931,604,531,486,488,688,575,534,850,900,811,509,119,872,133,665,163,395,460,410,544,574,236,961,452,646,610,685,487,894,896,576,795,55,386,403,868,12,534,563,219,911,968,329,819,967,607,362,817,535,325,746,948,985,412,449,682,939,973,482,942,544,532,311,267,823,361,977,448,572,730,549,160,632,704,52,851,243,500,477,133,42,501,453,713,268,807,434,371,650,563,595,543,907,74,251,817,345,728,910,972,905,405,168,237,134,454,861,82,260,157,122,500,691,973,23,799,279,515,365,170,704,927,209,412,756,126,752,870,730,823,324,684,669,584,436,362,510,868,555,816,305,604,747,527,786,437,202,399,472,223,377,919,420,991,973,449,137,249,441,12,792,573,537,930,293,62,893,182,230,300,355,51,812,229,430,489,455,197,777,958,173,146,783,367,197,325,484,684,679,273,187,498,41,243,938,12,442,111,548,625,542,838,287,214,525,964,479,802,587,284,361,121,418,963,440,687,927,596,484,106,637,979,651,361,680,379,17,817,74,164,488,568,612,691,121,141,730,834,329,803,279,584,602,513,670,102,338,923,130,895,620,720,137,538,69,862,781,176,467,94,107,678,146,482,618,571,225,250,875,346,649,541,80,201,548,148,440,890,243,590,608,729,23,24,796,661,644,670,365,101,236,118,971,805,265,746,299,961,679,429,410,344,723,577,464,456,719,354,505,467,252,86,51,342,880,603,121,786,177,66,747,79,909,789,977,289,893,86,476,631,905,772,416,309,422,284,328,516,370,501,414,290,483,652,33,21,374,156,370,838,815,904,9,230,587,784,498,83,914,904,359,35,887,727,566,294,951,512,623,871,419,546,540,488,473,819,332,613,384,518,566,860,704,548,537,407,224,826,314,51,304,276,603,863,317,204,633,698,459,129,526,611,757,644,920,830,944,851,661,266,850,43,865,192,148,538,106,466,693,142,268,554,196,274,615,75,513,596,317,302,487,907,486,599,231,312,666,266,340,161,134,685,919,663,711,402,329,724,451,707,516,525,697,119,247,222,762,646,183,153,442,479,407,925,354,810,982,353,761,784,322,251,981,686,668,170,249,87,851,937,467,519,193,428,28,286,341,217,698,427,884,137,400,293,458,871,401,30,259,63,868,598,443,435,435,133,412,469,453,487,714,713,859,72,818,643,869,18,547,573,92,510,996]

3. Fetch all of the  number can be fully divide by 3 in the following string and save them in the list please print them out
199%470%189%53%168%384%762%65%37%891%451%896%879%779%849%11%168%353%452%682%90%375%728%988%523%139%985%415%160%77%650%169%460%257%995%973%510%588%205%800%642%614%986%56%339%274%152%469%952%988%985%408%610%128%916%724%262%929%873%807%764%882%766%920%734%682%891%602%445%217%878%456%534%42%192%178%55%810%737%228%847%697%757%777%407%899%991%892%627%360%704%399%879%630%49%400%499%327%582%466%90%98%637%165%827%459%149%290%570%621%259%526%543%788%53%177%20%406%888%691%344%778%39%165%891%547%843%312%819%834%416%213%966%834%912%533%415%338%365%233%995%26%545%853%167%969%352%591%342%752%149%253%794%286%875%649%628%815%904%663%14%110%931%888%91%769%550%131%27%130%473%280%465%971%295%484%810%851%123%940%498%975%553%734%400%413%308%67%780%446%667%331%936%599%791%21%834%859%81%515%864%584%225%808%637%904%112%745%359%851%566%898%302%37%920%897%390%791%144%228%574%592%843%448%133%566%506%416%521%564%275%982%167%445%163%123%18%743%613%832%321%514%558%101%598%840%708%896%940%240%866%4%597%302%197%858%316%86%881%412%832%476%729%828%749%308%554%328%688%723%837%874%863%9%705%75%233%784%65%462%18%351%965%986%482%669%698%333%708%64%643%524%821%264%340%536%213%756%969%423%336%805%383%273%593%844%834%914%70%450%456%211%812%549%119%567%112%297%188%476%345%489%603%121%558%610%129%422%858%871%871%606%791%939%147%590%422%447%956%378%638%592%910%896%998%661%174%572%834%325%455%643%983%32%134%14%48%516%809%622%203%743%460%364%918%397%144%396%206%452%83%638%653%266%367%674%188%97%324%898%48%500%317%467%142%652%835%921%647%582%992%299%394%290%423%354%410%916%527%782%172%610%498%734%268%974%521%727%477%751%237%81%8%311%971%555%763%817%921%660%133%869%684%978%444%1%797%68%574%936%269%662%660%462%183%373%379%187%896%746%636%33%120%911%389%838%378%376%753%44%276%928%631%279%908%623%481%57%200%299%341%605%382%212%223%714%581%610%550%642%371%400%392%748%631%959%795%452%572%59%491%465%327%479%805%782%3%434%866%350%128%15%772%699%85%55%692%762%645%962%381%244%550%607%638%351%231%298%118%126%801%384%887%224%274%145%629%140%28%761%314%785%565%57%471%460%381%843%6%975%498%719%791%752%715%929%405%894%132%490%668%303%477%536%500%787%878%454%895%673%581%719%956%758%556%170%345%223%845%765%140%634%137%570%106%889%951%794%274%373%674%352%116%191%243%948%704%786%969%776%372%70%800%337%151%68%834%186%134%324%707%240%286%765%210%397%976%419%934%489%549%63%779%274%210%912%685%79%587%712%611%467%495%791%284%765%925%364%611%886%962%314%805%450%423%373%522%812%651%431%478%371%112%46%233%286%940%470%738%177%821%966%721%669%953%195%976%267%725%652%292%37%342%374%118%15%517%135%50%73%27%221%409%269%566%812%485%558%811%426%492%665%313%886%438%70%660%587%699%653%841%954%273%754%218%364%694%254%107%374%249%325%348%544%274%253%160%98%185%903%941%578%199%629%170%396%590%281%776%616%292%904%265%589%944%27%866%699%804%748%777%369%321%713%321%431%179%990%706%172%647%296%174%950%600%40%216%460%938%217%802%514%730%583%300%615%68%127%889%441%450%110%604%467%92%72%741%512%545%867%375%888%604%399%720%807%360%40%53%177%510%235%936%694%578%362%846%660%785%819%744%564%847%962%181%866%94%98%835%364%235%893%33%690%142%680%358%77%40%812%201%211%926%893%791%88%670%705%975%182%353%772%683%232%420%197%654%886%519%748%812%196%520%914%279%694%738%704%501%569%307%160%790%395%142%103%530%541%876%645%498%615%443%934%668%213%472%8%243%793%228%9%537%964%496%201%720%11%907%786%557%651%307%694%270%694%616%539%424%831%319%613%566%19%757%556%253%545%762%371%996%874%3%278%376%374%537%485%933%851%825%172%369%186%303%320%883%431%564%542%997%520%322%547%822%383%700%921%346%216%90%528%58%529%395%198%719%293%240%836%850%839%933%19%814%808%595%376%13%233%957%604%409%392%749%374%547%523%582%559%719%835%985%90%936%687%94%282%747%604%62%488%902%873%518%398%214%536%839%278%685%252%505%994%850%663%350%171%89%699%422%167%422%945%531%819%377%726%560%714%808%912%551%271%688%58%635%675%265%656%74%867%975%66%83%129%844%103%203%338%851%54%110%171%613%935%415%350%10%462%529%789%203%870%812%811%344%429%977%566%178%214%358%632%990%200%809%468%446%736%414%241%69%441%900%792%735%29%308%412%58%95%721%106%926%71%102%881%649%539%961%325%471%640%64%203%824%185%505%832%299%433%891%290%243%860%974%515%620%219%624%371%161%415%293%832%43%624%493%215%110%599%264%842%91%664%868%219%252%400%959%997%305%692%678%267%252%694%79%545%838%899%151%951%106%766%464%56%243%714%307%887%521%704%724%831%542%187%434%457%448%715%722%455%766%412%895%237%154%758%222%529%173%56%704%736%240%25%692%469%956%116%161%565%646%218%779%148%204%570%807%705%540%894%481%861%839%670%593%514%251%503%490%259%431%50%205%150%403%963%728%357%213%296%374%724%757%224%689%911%508%355%447%883%559%627%340%2%25%702%557%144%716%146%927%908%502%735%474%760%814%864%198%95%634%513%144%745%402%242%917%653%781%840%670%210%579%390%781%230%766%50%60%832%900%62%312%338%694%673%777%452%779%820%420%158%779%326%54%245%528%419%143%499%883%653%779%180%988%661%33%551%131%198%708%414%627%731%543%839%403%419%213%164%853%109%498%659%129%186%975%87%576%192%117%426%553%580%203%79%11%573%389%784%499%65%9%47%269%413%729%840%903%172%535%171%37%257%490%227%200%288%563%270%635%713%579%670%562%750%999%907%919%953%18%708%437%186%323%605%895%461%214%111%456%536%897%58%765%908%743%99%507%643%106%640%368%423%910%210%995%507%836%423%72%6%236%217%71%831%329%281%594%339%428%931%812%307%572%984%829%206%707%699%426%68%232%718%281%184%973%25%41%738%312%10%179%74%1000%264%653%876%123%179%56%151%65%641%609%352%964%669%431%878%613%354%534%6%874%586%220%156%839%837%949%548%54%916%531%149%823%314%615%457%76%357%59%462%451%588%654%773%580%232%470%164%642%617%409%169%270%917%379%568%205%161%94%450%829%934%92%843%955%111%543%841%899%641%167%694%476%756%917%144%564%883%221%929%509%235%983%900%30%761%553%793%794%33%959%989%363%563%445%200%3%447%787%841%683%605%444%506%193%436%408%866%933%614%74%820%193%253%977%707%470%664%244%698%88%653%268%981%84%727%71%231%117%338%769%602%286%474%164%337%180%448%505%57%381%297%334%326%549%240%282%384%140%314%279%601%605%274%110%982%36%702%230%269%121%317%8%722%702%126%58%618%772%705%603%877%507%421%752%579%826%283%515%771%828%884%499%238%436%686%836%58%284%769%512%238%11%306%181%201%626%857%616%534%499%412%88%325%424%960%367%966%505%640%263%976%806%50%97%180%599%614%758%912%825%223%837%594%924%308%777%728%30%791%747%112%417%778%56%340%951%67%825%889%734%551%923%151%260%616%582%423%784%178%582%800%242%130%93%680%982%11%331%964%315%128%884%412%397%252%497%857%706%258%702%890%804%565%52%522%945%940%339%366%530%270%785%772%381%159%544%54%381%957%40%514%322%669%939%573%618%251%603%238%741%296%343%637%210%690%833%715%708%748%21%967%186%144%251%911%737%340%337%649%181%35%728%532%316%863%63%95%142%241%602%654%319%669%396%51%261%437%327%4%493%779%35%171%933%91%503%848%492%860%301%392%105%105%296%400%874%43%76%189%645%476%199%940%954%643%434%906%414%97%306%391%219%152%785%929%316%81%130%915%177%964%384%13%267%303%515%761%398%301%55%600%210%743%554%920%587%855%25%974%889%951%654%650%273%837%121%677%35%637%825%449%278%536%249%811%132%824%652%377%383%553%641%294%827%15%696%360%267%502%596%313%543%458%75%470%599%528%488%495%709%887%595%98%617%584%465%253%458%20%138%237%321%971%498%145%834%497%895%820%589%148%856%992%929%113%540%410%988%946%978%932%909%194%439%440%806%223%528%535%670%18%586%526%189%142%649%770%100%555%274%85%156%362%879%502%516%341%946%982%650%87%983%95%358%134%28%799%667%335%933%36%378%4%817%393%283%493%837%821%152%229%242%676%506%167%11%151%9%515%232%839%264%389%339%79%611%524%549%761%617%203%719%214%633%10%374%679%126%549%262%752%880%629%999%123%385%892%332%449%408%171%173%850%721%119%377%367%778%872%183%289%942%356%154%138%671%526%355%982%53%808%530%504%370%508%809%134%385%618%316%85%731%346%306%564%142%601%480%658%811%290%504%468%792%403%781%904%888%301%150%325%381%570%935%613%145%242%968%881%531%674%808%939%699%466%91%707%607%97%225%289%420%340%104%258%762%799%880%80%567%972%750%387%90%237%78%554%242%709%43%909%216%685%499%246%311%936%159%853%962%645%495%206%84%643%989%491%783%225%547%368%283%192%548%319%198%575%9%638%386%145%621%496%653%506%475%585%147%212%507%51%165%78%255%939%841%152%2%28%733%38%520%9%368%426%342%384%252%629%420%787%8%878%809%815%22%258%642%797%79%477%715%521%379%93%431%582%596%555%425%934%355%91%910%649%916%270%684%446%114%525%284%842%670%379%899%739%460%692%54%819%266%440%511%198%483%740%688%281%724%13%388%539%948%436%501%987%245%601%531%644%616%783%209%320%599%104%624%697%109%653%604%455%574%899%381%723%557%190%329%348%381%644%148%483%866%871%756%949%285%219%599%122%100%922%646%46%323%964%403%830%483%292%984%270%602%41%706%806%487%270%34%898%10%124%820%631%972%329%979%589%13%148%859%321%604%937%755%564%493%688%973%677%273%963%97%66%400%700%151%713%369%849%105%791%253%48%359%933%922%576%444%473%409%228%200%730%822%908%520%927%986%603%21%293%831%978%809%342%317%628%730%577%160%975%890%958%392%372%353%581%113%499%750%58%29%701%463%129%901%25%11%25%966%466%546%886%530%816%952%342%757%45%941%816%786%810%773%708%887%794%483%218%980%31%551%667%862%3%330%217%500%140%572%267%873%664%237%257%204%970%753%586%804%381%906%983%227%152%446%794%914%671%112%968%921%357%680%100%537%781%736%574%915%17%302%252%637%864%58%384%382%584%621%831%999%655%468%611%647%435%805%695%915%119%133%975%588%829%949%353%261%905%982%962%929%234%99%531%929%21%491%941%412%672%308%146%684%81%589%938%743%761%503%188%82%854%359%619%791%323%122%951%584%659%655%935%74%864%882%234%403%921%630%656%908%413%282%446%605%37%277%959%602%971%669%738%47%276%919%731%174%510%944%417%725%85%512%549%166%713%482%972%746%125%252%378%747%450%108%648%197%93%953%830%570%986%668%166%921%242%306%459%756%500%840%882%918%335%222%548%277%455%805%651%580%132%24%226%411%211%408%442%923%952%376%15%302%855%133%354%321%24%144%35%705%947%724%422%771%918%957%614%394%691%899%80%264%965%444%853%422%756%726%489%568%689%506%715%68%696%704%86%989%375%820%734%943%177%70%425%747%40%956%427%122%175%154%817%658%494%884%874%516%146%528%47%71%557%392%486%309%671%239%508%525%863%927%538%32%254%706%926%84%540%666%256%521%75%257%664%942%386%108%971%17%616%857%781%423%216%9%354%565%707%43%381%144%748%943%500%357%555%681%895%362%120%254%735%233%808%897%545%806%494%125%119%593%792%229%243%361%658%582%79%24%728%167%145%120%263%772%945%240%787%264%872%146%571%351%8%215%407%679%306%15%130%631%58%281%917%789%793%540%974%867%131%865%655%504%617%54%384%173%413%431%844%21%700%441%600%703%865%123%197%210%401%500%948%25%903%580%75%415%526%101%53%908%140%704%137%25%764%814%278%170%211%176%1%555%637%737%373%90%759%699%725%902%343%415%599%143%991%807%503%433%374%200%531%395%455%128%696%68%548%966%3%834%703%120%854%877%952%944%154%244%817%522%299%728%68%154%816%554%949%778%706%99%214%809%220%715%790%595%600%129%224%399%274%489%509%773%693%648%730%332%20%223%913%580%282%406%314%107%582%699%966%227%426%836%968%637%573%754%309%512%959%698%704%931%58%15%420%161%544%419%446%326%283%272%607%21%902%796%561%694%530%45%598%385%965%819%594%597%917%339%28%717%751%132%528%527%878%683%122%548%3%186%746%775%350%121%870%61%937%967%251%154%247%781%744%696%62%383%496%149%420%892%686%759%723%986%823%832%36%696%66%622%149%155%544%486%491%43%341%254%971%290%90%865%815%382%163%828%458%856%824%424%877%38%245%619%560%165%791%283%733%288%864%70%112%399%634%801%310%957%42%481%316%345%290%304%559%857%448%724%183%235%219%385%279%471%768%383%887%989%204%58%858%770%947%214%226%587%898%70%615%733%710%232%556%383%588%285%190%617%902%613%880%981%520%2%226%844%764%159%19%530%562%962%774%902%863%643%984%722%81%213%72%114%292%864%168%217%685%627%411%228%893%564%825%610%570%530%739%279%479%523%767%7%139%826%707%655%814%446%544%984%950%928%442%785%388%688%211%186%684%439%368%707%652%770%992%352%297%815%868%560%226%159%413%997%624%756%650%801%878%347%662%544%404%887%375%507%750%982%59%511%378%862%164%281%204%449%505%237%395%899%833%959%259%173%87%620%643%107%149%718%227%487%501%201%728%525%414%100%558%785%808%61%683%531%984%811%1%45%306%793%424%838%283%688%216%241%933%642%577%644%478%839%283%124%170%905%266%925%16%723%844%745%844%721%177%444%130%814%199%630%761%736%827%746%960%315%693%411%555%799%108%132%652%654%539%589%344%642%246%440%67%202%813%120%27%630%998%32%413%834%244%967%242%321%128%265%717%765%153%382%790%965%855%651%46%331%165%697%437%267%287%744%783%517%746%608%872%816%310%427%631%564%187%317%305%13%33%973%952%32%763%714%153%341%489%947%710%175%987%662%176%422%127%388%400%738%767%550%986%84%68%398%469%252%188%663%606%720%759%83%323%245%358%50%466%244%698%747%750%128%564%419%951%208%423%142%353%147%134%630%821%491%937%218%714%56%335%778%341%314%361%164%1000%185%689%456%663%54%890%687%75%401%579%13%891%286%709%639%601%344%467%109%472%836%926%785%918%146%922%454%37%390%497%468%325%823%701%26%443%88%323%986%328%438%338%948%448%416%468%751%985%178%936%939%331%792%887%810%614%693%296%151%658%541%787%593%27%209%38%828%718%443%942%969%903%691%368%694%484%974%144%377%491%804%507%447%371%773%943%840%51%174%772%74%363%704%126%980%49%76%642%999%53%760%642%653%943%229%538%417%157%483%64%189%76%455%775%887%76%251%3%263%582%588%780%196%115%502%14%2%570%243%799%559%699%851%598%907%152%294%95%419%402%496%157%137%369%456%600%631%50%579%84%21%157%562%593%580%178%674%399%991%933%41%906%792%734%399%753%258%395%425%588%420%867%337%479%965%113%140%171%445%526%426%416%173%577%810%976%403%374%684%823%411%943%359%835%799%118%336%917%571%450%273%615%16%541%583%317%793%953%285%363%483%231%56%451%673%967%631%699%934%120%32%572%667%405%396%831%615%406%428%302%904%563%509%701%768%912%602%427%274%6%720%398%74%772%111%444%241%629%566%918%799%591%822%300%303%647%904%797%550%938%647%776%654%602%407%611%483%399%310%742%343%590%715%792%287%527%150%745%697%197%140%303%761%656%878%415%639%158%920%759%406%100%436%986%930%290%21%322%890%533%876%8%611%68%313%518%528%631%758%318%721%731%798%440%961%854%659%526%625%801%385%430%173%368%10%834%468%121%148%730%395%754%973%149%487%283%392%566%434%670%969%551%676%378%484%858%171%657%502%53%232%209%818%609%21%102%715%907%802%313%524%539%861%105%362%944%574%20%220%903%994%275%18%140%130%388%671%131%926%770%431%759%523%819%275%62%600%92%343%171%594%541%242%799%357%160%237%545%936%985%560%845%337%985%967%737%665%437%242%2%797%221%478%804%366%576%369%670%219%323%518%437%658%572%937%809%140%415%304%775%142%220%521%332%245%213%937%46%694%374%634%570%118%159%630%801%77%47%512%977%762%210%735%560%92%937%666%967%555%141%632%226%94%721%644%131%577%266%110%249%441%114%792%276%695%712%571%796%815%429%690%80%500%550%154%215%665%165%95%129%553%368%65%521%813%401%392%509%94%193%712%63%28%852%887%291%67%134%277%795%797%780%572%314%550%425%267%261%415%849%294%762%452%292%929%533%153%304%204%913%195%972%615%342%507%792%330%925%436%44%471%445%393%191%138%118%451%986%761%357%855%63%675%497%145%209%168%974%819%164%78%763%340%347%595%457%407%803%227%777%992%49%972%613%887%230%291%728%423%924%323%463%7%589%142%869%430%605%674%283%540%568%982%61%578%765%179%761%315%296%431%648%867%149%260%194%448%311%911%645%474%363%166%659%79%442%914%163%850%373%407%570%884%211%145%80%328%491%261%604%942%606%182%622%247%233%451%388%499%428%130%771%762%451%244%200%443%384%945%276%483%993%655%984%885%298%32%887%42%382%444%325%717%643%584%836%348%445%295%837%348%13%22%161%918%395%49%765%170%15%635%150%334%12%762%815%357%763%299%617%529%140%330%788%278%549%648%375%720%723%436%283%501%837%155%800%427%362%864%559%601%918%590%507%223%859%831%237%796%857%61%115%545%5%150%407%418%982%669%702%453%195%221%824%203%192%544%478%54%514%847%786%376%129%938%44%473%972%532%88%71%72%464%7%595%730%794%805%851%560%143%207%59%182%446%307%463%192%862%103%642%251%449%975%990%257%870%63%92%319%334%931%416%483%639%683%156%224%156%83%450%876%654%868%623%524%894%991%748%630%953%137%574%822%986%186%788%929%912%70%647%934%184%994%230%948%215%94%223%328%493%168%172%808%306%218%174%705%17%794%394%773%212%443%675%512%623%342%709%6%209%983%54%18%782%33%674%552%374%102%637%375%827%519%845%347%335%459%910%843%408%18%301%117%218%219%417%179%695%430%300%44%393%216%680%634%998%736%528%812%740%501%916%209%498%256%933%670%361%289%340%618%768%769%136%28%227%557%435%930%662%179%383%466%631%345%744%547%144%538%164%682%851%808%893%777%708%527%330%86%255%676%707%480%980%609%737%61%352%877%344%947%352%551%641%678%618%130%186%411%471%159%819%674%886%754%759%86%637%691%645%157%423%262%71%800%149%264%118%724%700%280%520%582%94%728%470%833%79%981%531%475%381%218%345%912%706%905%7%427%788%313%777%843%367%628%292%506%827%910%8%499%171%250%698%10%575%680%465%792%315%284%840%824%842%280%834%572%823%63%47%603%239%482%408%880%779%20%255%578%930%769%465%775%691%499%132%614%91%13%901%145%388%979%669%562%741%828%641%558%992%756%394%425%952%105%983%992%578%962%654%570%417%141%269%973%761%813%716%891%55%689%664%80%205%584%770%728%515%45%776%723%101%59%126%858%212%794%411%933%804%436%28%82%89%348%927%137%213%995%447%75%270%757%930%185%145%782%257%520%427%97%228%783%751%136%835%309%829%504%667%137%983%679%527%569%57%187%766%695%460%267%715%137%849%912%462%253%640%797%988%473%900%662%757%124%220%671%672%514%991%591%381%530%327%495%272%654%883%13%742%478%188%623%530%376%86%681%508%78%574%312%543%747%891%263%423%760%149%545%218%963%494%71%652%441%714%854%275%626%975%593%337%369%357%395%918%78%848%866%106%609%357%617%208%252%171%378%24%298%962%767%925%378%948%791%311%497%39%708%435%829%378%733%964%262%53%230%635%941%10%794%231%371%349%485%109%304%384%520%953%724%543%525%350%429%616%181%920%902%453%832%85%41%260%94%384%372%42%27%258%94%384%610%526%793%838%680%522%491%520%147%813%782%154%73%655%605%998%861%399%82%165%660%876%367%311%14%210%787%555%357%982%84%261%323%667%911%360%266%249%190%318%720%60%52%945%180%780%194%573%539%503%336%289%205%555%680%694%317%974%610%182%468%228%510%595%698%729%624%88%315%696%312%149%915%797%927%117%461%9%459%859%277%794%977%438%27%164%774%428%495%602%249%545%261%763%332%986%948%525%889%822%316%377%193%796%646%522%571%311%454%58%917%895%612%608%527%230%751%688%911%611%890%819%67%849%58%194%889%82%265%243%189%37%640%974%282%418%27%182%506%102%817%35%379%940%250%958%309%35%843%144%468%17%282%985%498%489%421%689%53%870%520%556%835%277%107%167%579%196%370%902%532%672%967%213%135%265%420%499%896%616%911%104%533%153%379%345%858%487%339%751%111%840%554%497%549%658%219%116%649%832%662%502%85%325%415%715%527%111%212%660%526%694%611%418%674%979%921%519%197%328%731%725%235%723%353%836%945%417%598%515%601%957%159%948%386%856%191%646%466%657%824%792%671%673%316%503%711%210%987%915%839%558%716%759%322%149%367%152%589%91%200%84%243%74%193%642%960%389%411%738%230%490%893%854%750%41%381%237%838%166%317%848%893%947%160%449%145%69%747%952%363%429%145%784%819%415%490%135%269%293%532%918%441%439%413%209%468%7%907%150%788%739%383%958%602%963%471%177%688%896%340%360%887%344%768%813%439%744%167%573%360%286%350%368%998%943%878%977%937%913%966%768%691%705%569%220%64%702%591%436%312%147%418%62%589%341%383%444%364%141%678%683%210%98%153%205%910%670%96%244%637%530%122%278%283%69%624%955%62%935%300%255%643%312%931%255%370%946%662%799%415%889%454%297%546%800%158%430%98%757%576%3%372%647%575%443%906%440%671%154%421%556%264%182%169%335%552%122%382%657%101%399%431%75%627%41%235%53%259%913%694%60%855%388%16%825%591%841%431%434%509%474%274%38%124%438%671%766%309%246%805%156%20%751%473%362%541%555%111%640%396%191%615%186%710%421%919%533%722%373%191%247%727%236%668%644%274%756%308%932%924%802%748%244%475%590%570%998%864%166%808%360%105%865%777%646%193%650%424%749%51%151%723%346%908%669%414%581%43%512%622%861%172%380%613%331%957%42%646%632%777%268%381%840%226%159%389%848%158%604%484%49%81%508%466%257%114%230%419%56%536%929%699%276%271%266%488%852%635%350%372%339%519%724%639%209%756%667%183%942%329%917%960%691%15%956%818%764%668%69%355%206%911%300%449%75%23%28%719%581%227%300%24%187%231%523%864%441%112%176%51%108%451%191%284%571%420%261%289%145%374%791%409%916%538%689%499%854%522%273%585%607%552%564%768%420%486%650%104%772%461%129%212%25%644%48%502%931%993%367%235%883%324%61%565%908%876%966%351%689%707%926%44%734%186%487%580%383%520%782%520%344%822%395%494%646%909%438%366%141%265%297%779%651%550%983%820%744%544%346%251%413%415%515%13%791%354%108%54%243%894%730%781%551%10%459%846%421%453%569%918%399%86%599%424%57%786%288%663%995%792%217%681%459%858%859%677%558%31%35%747%976%45%461%551%339%833%334%460%262%791%767%338%800%882%881%703%181%177%348%293%460%440%518%631%262%611%485%862%480%221%494%785%971%888%580%717%518%569%175%544%412%6%614%845%389%991%594%967%959%681%45%167%944%508%395%151%16%326%126%187%799%81%89%669%864%731%716%549%690%644%831%784%865%389%427%774%140%293%817%359%188%350%229%463%417%952%293%38%293%971%656%376%592%288%837%240%166%655%818%364%325%233%18%521%498%242%637%415%717%869%516%282%312%927%786%637%979%104%342%591%256%720%170%816%851%249%721%351%84%831%4%339%116%356%739%565%908%400%862%909%158%258%146%758%655%96%62%669%92%131%986%6%964%574%155%125%241%743%456%32%764%312%69%21%633%438%268%34%544%672%866%924%380%630%225%594%838%791%270%791%735%112%345%550%460%799%188%992%15%964%200%521%403%418%933%524%262%438%664%61%340%790%502%585%178%247%534%432%670%645%430%486%178%820%291%882%253%276%738%891%825%402%918%666%942%342%324%102%319%967%486%325%433%968%850%847%644%112%317%337%355%794%749%648%286%869%264%847%301%532%886%264%138%882%890%393%661%406%279%551%597%767%844%318%192%604%920%393%44%555%865%966%868%332%426%140%146%834%762%647%719%835%161%740%394%722%107%988%201%103%215%721%328%348%45%344%760%625%497%703%754%849%213%525%211%835%78%68%896%516%762%800%179%168%533%710%768%643%796%659%833%355%975%947%662%702%98%540%838%984%954%757%205%572%577%939%236%114%140%546%970%782%769%570%389%898%142%117%376%282%440%283%974%153%601%560%121%400%305%246%795%677%285%160%552%278%839%829%368%145%544%433%733%239%670%326%894%622%60%265%343%571%584%742%525%977%47%491%83%444%976%781%764%294%164%721%714%227%641%531%917%447%799%63%403%67%894%4%838%220%167%901%398%301%530%383%818%423%412%286%915%322%548%43%534%438%820%871%322%658%819%774%407%456%968%573%436%310%815%388%589%108%808%991%890%290%990%699%740%226%612%164%534%176%423%256%419%778%791%155%30%14%844%722%337%805%347%152%369%337%182%426%447%562%381%275%62%975%281%126%366%658%592%155%531%926%984%813%740%462%328%338%144%951%773%993%798%216%997%814%484%656%623%754%733%510%415%643%871%465%239%487%673%397%517%403%353%606%266%578%107%774%501%373%12%361%354%9%188%132%293%357%78%131%862%764%875%661%378%706%291%133%73%175%538%536%915%710%810%290%100%160%279%709%182%770%902%20%591%230%104%524%873%988%885%261%842%756%462%738%290%513%47%591%948%956%444%197%658%42%892%892%874%487%813%959%559%148%580%601%131%91%946%255%442%537%197%809%696%831%627%782%423%510%71%280%163%169%63%291%903%92%117%168%262%127%415%67%154%58%856%202%106%241%477%4%1000%277%780%726%551%702%914%264%850%117%719%271%892%460%221%263%244%82%138%352%369%314%379%696%193%902%283%112%825%384%473%443%949%154%659%770%762%757%969%991%611%759%773%909%898%220%442%373%323%363%562%852%883%561%359%90%492%428%708%646%186%332%423%815%634%149%465%45%551%277%570%752%512%928%234%84%431%555%643%918%195%291%486%974%665%716%187%479%24%822%624%140%604%43%338%269%381%561%246%181%586%405%715%247%891%810%910%189%125%575%378%320%510%751%69%933%402%586%157%876%114%821%438%183%420%705%798%587%364%899%633%946%69%952%87%124%126%874%985%907%688%80%482%811%81%984%294%5%868%734%776%419%239%570%746%480%83%507%559%350%697%22%262%941%176%975%989%678%682%221%736%7%172%164%709%585%57%295%260%257%816%74%593%162%57%326%658%132%339%700%331%614%33%451%794%900%4%158%165%974%369%864%374%311%592%195%128%244%301%708%972%561%60%67%98%456%293%4%214%817%147%673%229%914%530%657%228%284%747%36%201%910%817%790%57%864%529%507%665%596%384%691%996%583%255%39%296%320%10%356%796%462%769%439%304%827%411%880%886%829%449%225%738%31%422%904%281%949%753%327%108%501%720%104%401%690%280%463%620%976%685%155%879%107%262%688%860%647%676%18%667%65%167%737%999%994%483%962%814%310%964%660%888%742%427%393%542%331%37%676%836%294%466%502%844%267%452%825%791%90%590%347%662%301%550%500%71%735%50%613%767%116%427%322%116%662%229%168%435%615%751%585%27%788%59%216%397%205%481%152%893%812%748%412%184%362%637%852%804%717%967%206%840%350%623%809%905%35%767%679%985%921%2%256%372%800%549%971%147%616%346%52%84%670%350%4%309%175%698%153%367%337%87%331%253%995%232%289%843%30%578%819%925%630%390%402%419%409%96%12%982%498%588%535%387%944%94%587%389%278%717%267%404%128%683%787%719%274%207%231%332%592%316%86%701%868%25%898%341%520%349%187%739%640%726%808%989%603%939%928%1%665%18%924%420%939%647%861%842%479%521%377%893%215%670%171%473%70%943%233%405%108%405%261%561%344%497%780%260%928%34%258%805%876%48%338%624%913%461%937%430%671%440%584%990%159%772%552%660%811%363%136%60%457%754%190%299%229%636%27%278%35%267%963%534%682%936%264%19%171%322%263%101%312%572%164%33%997%555%29%907%323%562%780%43%892%358%861%545%18%663%260%337%215%524%221%735%144%867%739%921%968%723%784%24%704%97%319%183%943%155%213%123%838%314%630%623%969%521%50%79%353%787%856%882%51%597%330%594%31%693%935%250%668%520%988%517%365%470%279%359%92%731%218%234%701%532%759%24%883%970%361%249%794%735%121%561%529%711%300%645%235%167%713%140%226%316%29%430%34%204%371%592%191%815%386%472%333%159%164%258%843%325%583%908%350%789%399%852%318%835%924%70%163%993%222%299%557%941%416%768%386%678%684%899%722%257%721%151%495%458%990%320%512%435%640%660%289%362%882%852%260%505%138%956%673%270%839%980%566%263%608%361%779%646%312%21%735%973%82%726%868%844%816%620%807%237%960%958%521%526%819%952%569%240%427%913%6%439%709%701%368%334%855%324%136%422%989%963%545%293%221%383%890%520%703%231%725%742%610%211%401%851%246%533%525%906%651%243%15%487%873%167%802%907%629%271%963%430%347%344%27%633%598%334%22%623%813%6%538%775%848%205%256%146%504%416%702%327%888%244%463%641%52%348%535%869%61%755%54%325%762%537%792%439%196%47%308%656%245%150%75%577%465%387%242%815%673%171%319%724%336%853%843%688%402%545%881%130%383%820%439%564%139%189%900%294%206%843%246%253%632%16%680%769%379%46%773%423%321%67%696%217%68%215%693%780%931%801%851%986%931%700%30%653%334%104%34%70%327%823%778%574%208%772%551%496%7%131%146%454%291%284%11%34%453%117%229%559%229%970%148%639%426%723%867%534%18%606%213%524%830%28%656%358%46%99%766%274%491%484%161%974%555%513%922%905%655%126%564%757%286%961%606%224%340%822%170%940%366%420%826%733%639%382%774%884%703%952%446%536%802%295%38%563%181%41%69%300%289%753%558%585%103%270%217%772%502%1%143%192%331%941%485%610%227%48%170%146%316%894%495%946%86%672%785%51%320%858%370%593%315%128%787%679%1%555%502%504%179%672%600%802%550%906%652%988%210%577%826%585%83%739%246%405%803%894%764%311%548%907%913%732%586%243%306%622%906%133%417%954%584%471%518%864%973%953%387%731%122%585%557%506%27%806%584%392%935%964%217%217%835%854%393%932%776%397%751%168%137%864%585%661%518%500%486%830%548%585%703%890%298%558%855%206%681%908%116%554%578%103%88%447%957%388%798%846%368%772%37%609%668%463%392%189%616%353%267%156%257%377%406%728%87%840%272%852%846%524%190%392%989%604%300%267%578%863%118%537%953%794%99%48%260%121%977%937%442%204%500%439%61%794%275%129%543%562%141%632%495%560%869%154%869%156%282%55%444%30%405%347%137%651%219%927%2%299%175%830%646%721%362%503%814%642%398%325%583%332%466%544%284%916%4%108%281%513%336%753%790%481%403%9%387%410%697%202%739%803%226%235%650%898%310%832%824%308%326%309%149%873%563%798%685%3%926%818%926%486%457%543%391%838%843%462%673%223%333%537%118%360%429%673%962%937%325%812%588%128%640%124%691%735%478%611%715%498%809%249%151%271%380%284%577%567%850%258%865%493%44%858%381%538%418%723%674%396%82%533%955%763%248%651%808%154%356%791%783%204%518%974%388%285%521%148%884%693%484%318%724%785%43%440%214%815%69%946%930%450%577%908%156%463%401%834%308%507%927%674%879%598%876%502%494%605%783%955%924%551%868%291%336%468%228%226%262%425%193%32%446%94%204%272%423%747%279%329%247%983%429%10%720%279%783%643%665%605%703%302%297%37%631%474%702%973%748%934%877%450%30%44%326%440%615%318%105%546%207%890%295%44%333%944%659%946%434%616%777%606%101%659%432%68%591%601%442%138%328%471%595%866%762%268%886%719%941%291%395%238%919%269%964%260%980%704%411%246%132%523%129%959%913%724%613%380%332%952%967%867%73%866%976%522%144%513%992%134%74%830%547%291%306%525%947%917%827%951%651%18%91%37%138%104%928%142%534%978%591%421%783%67%771%497%153%293%103%51%89%768%609%615%506%739%399%318%833%930%63%794%478%872%743%972%252%407%489%453%640%165%851%554%732%678%154%482%479%233%455%468%216%370%254%382%289%381%495%727%670%491%182%573%459%928%704%941%46%900%952%180%113%936%768%713%802%243%939%747%395%472%736%212%564%721%380%425%876%517%233%698%801%316%202%718%269%307%376%725%917%624%280%606%178%427%760%193%918%190%612%967%356%723%269%804%890%451%322%276%87%55%84%988%123%495%203%407%731%680%488%707%115%604%855%317%757%225%342%305%625%606%188%695%314%220%893%578%330%114%218%551%549%990%591%702%190%760%377%844%14%43%671%708%690%279%110%500%630%269%73%527%916%436%971%845%710%974%399%447%481%436%589%893%409%813%617%866%965%610%54%585%807%11%517%589%167%778%524%494%994%95%329%331%534%474%461%135%118%765%345%687%186%926%877%948%78%426%349%792%386%997%592%906%29%824%59%354%340%578%38%793%15%858%624%592%45%476%545%62%736%76%190%489%412%447%189%14%874%205%978%240%329%404%563%980%649%200%87%804%261%725%353%169%191%822%101%44%737%955%60%719%168%818%784%969%523%389%836%773%92%20%285%209%856%352%713%408%890%341%304%492%297%708%481%142%478%333%612%28%601%251%826%438%261%906%977%159%559%777%54%983%512%124%968%707%187%814%825%173%263%991%993%613%730%623%924%803%400%69%380%822%204%628%568%526%208%360%792%590%36%385%504%716%195%241%937%1000%396%97%605%875%543%805%656%243%825%327%729%163%441%529%251%951%879%571%12%308%649%11%963%626%80%213%867%988%79%692%696%7%748%835%112%333%839%287%629%620%873%986%172%545%482%447%602%483%528%368%469%55%270%306%116%434%382%429%416%172%572%291%288%183%292%481%569%878%734%418%119%684%879%514%900%587%712%930%311%599%224%840%403%961%421%38%917%163%90%472%552%712%450%761%356%304%169%920%854%647%195%537%328%785%139%783%508%530%346%747%163%322%424%637%579%55%520%660%13%635%621%346%720%912%133%929%954%956%420%355%338%325%865%410%68%612%262%770%9%364%598%693%189%944%69%571%696%32%114%46%350%735%827%98%823%433%65%906%466%129%304%12%106%429%534%676%615%862%267%589%908%847%540%591%363%263%995%462%91%614%924%724%859%652%868%896%36%97%107%357%967%594%351%729%270%937%840%127%698%20%393%430%248%970%720%395%150%968%813%904%455%796%104%343%390%352%245%722%637%963%240%998%523%922%17%35%521%793%752%992%911%904%101%641%361%423%370%369%794%220%459%940%813%746%653%813%453%279%288%990%176%692%604%169%262%245%901%967%872%579%265%173%676%75%324%905%790%873%336%968%985%406%800%880%428%17%732%521%499%994%681%309%984%979%372%530%138%43%967%128%669%309%654%976%110%66%612%106%785%677%421%282%601%647%731%408%688%167%832%246%491%407%544%283%525%425%130%399%637%464%158%367%323%920%267%272%343%183%346%926%992%331%326%563%301%98%73%377%121%726%799%265%293%901%781%778%162%278%788%874%723%60%477%441%498%531%590%124%816%970%105%973%66%409%163%688%335%317%710%717%238%990%228%65%88%679%892%209%234%424%613%703%822%832%337%536%498%311%276%961%718%604%136%862%336%706%181%213%718%100%682%358%943%119%716%766%387%664%944%908%341%481%216%146%298%840%914%641%959%255%804%916%414%472%205%267%140%126%472%729%492%66%9%877%615%710%418%714%733%689%931%700%646%741%246%730%343%849%282%17%877%535%140%308%400%66%77%800%457%854%177%895%845%691%31%834%347%600%752%43%754%866%635%118%504%534%302%983%438%554%484%748%635%931%200%28%555%690%78%477%293%390%677%21%161%23%205%21%237%878%387%882%165%805%744%225%757%887%902%847%382%657%768%651%456%242%690%935%146%823%967%551%227%261%17%600%570%331%414%797%526%883%618%52%629%404%431%24%522%84%982%63%658%3%212%599%525%513%519%964%602%147%121%957%214%246%901%650%669%842%911%547%477%70%525%28%1000%133%831%767%574%814%362%425%293%576%78%240%956%185%473%175%923%137%156%466%707%550%580%221%717%243%668%490%770%50%492%734%541%443%371%744%945%257%481%999%254%33%367%3%355%328%180%239%335%917%689%354%29%878%560%933%107%975%451%526%703%161%920%903%822%386%330%912%933%643%164%424%298%916%144%811%507%401%900%742%518%384%652%628%56%94%917%796%527%369%652%702%986%857%214%82%423%296%688%881%968%11%325%70%512%52%467%870%376%844%33%255%606%5%861%909%523%534%218%975%45%781%380%260%863%431%888%610%75%434%529%903%715%103%284%576%329%405%461%579%679%413%765%667%750%189%504%896%590%396%111%844%656%370%176%765%633%916%511%951%879%306%853%699%161%958%914%786%454%512%978%373%329%472%431%430%317%18%427%734%870%336%636%681%953%73%370%460%610%699%378%187%444%63%898%368%501%427%970%684%690%655%986%962%621%987%234%418%730%838%39%75%988%421%298%993%24%682%777%593%280%556%231%831%855%259%103%108%374%985%26%761%271%973%498%88%494%54%259%133%201%495%335%42%561%950%722%368%483%434%405%507%609%929%194%601%505%367%139%214%41%289%99%131%957%53%103%810%975%988%579%519%902%349%382%904%975%169%682%755%941%412%691%722%74%900%671%549%367%352%986%754%574%371%553%618%876%516%941%825%468%369%542%758%645%297%140%49%963%426%872%228%718%185%453%386%902%10%259%925%937%413%372%896%146%875%922%25%463%495%351%922%999%956%423%541%475%855%934%825%948%398%75%811%650%79%425%784%834%839%505%886%534%770%742%6%552%705%796%651%388%217%546%311%223%442%664%391%344%775%179%139%588%37%985%164%937%11%148%167%149%863%610%3%568%249%327%857%515%212%296%168%410%877%658%283%453%517%629%318%675%572%551%3%554%442%421%987%746%321%341%721%456%621%59%700%298%379%140%320%364%773%101%377%269%784%283%399%674%247%860%434%277%940%875%276%157%65%362%895%830%875%308%167%869%193%251%270%87%454%959%562%832%566%471%527%178%998%879%877%819%541%380%822%375%447%762%389%15%950%456%241%853%715%408%778%919%126%403%909%787%798%77%155%796%142%603%251%635%35%853%326%253%761%322%16%166%938%486%766%636%725%86%746%438%351%63%129%129%480%564%22%707%725%203%58%895%685%752%709%233%968%133%147%684%120%307%323%51%260%616%272%901%390%758%826%297%581%47%844%611%627%824%851%866%642%677%211%558%904%835%570%393%407%904%113%975%39%130%425%358%879%840%556%990%979%75%975%97%619%167%706%954%215%210%315%713%825%122%310%778%174%737%293%753%42%219%2%509%106%36%88%880%445%653%835%335%797%188%632%13%405%930%145%527%960%345%47%14%669%392%998%99%122%974%808%948%423%354%436%363%90%872%982%743%494%681%894%306%480%161%550%335%319%11%86%649%569%205%787%236%625%248%470%983%968%919%411%340%220%479%113%644%36%38%633%358%753%987%893%8%246%398%946%399%30%35%749%171%568%212%97%236%763%39%611%877%438%629%428%769%829%455%862%80%227%638%154%128%4%198%963%163%235%154%664%810%158%243%265%428%187%129%688%212%564%842%500%421%730%349%977%221%887%181%96%493%529%731%947%118%861%107%989%337%912%276%371%590%334%471%311%462%485%167%760%646%378%637%437%853%976%914%444%287%482%93%635%263%409%715%346%905%361%560%759%5%185%42%713%822%52%521%954%200%991%979%546%829%457%390%961%784%366%858%338%169%47%684%310%871%825%716%90%413%891%470%637%826%873%343%59%999%470%509%540%979%467%573%369%389%806%402%231%985%665%26%327%856%755%993%519%339%613%132%799%684%585%147%604%320%842%349%619%47%833%220%57%414%387%336%462%900%420%727%392%644%285%71%298%793%590%217%179%518%616%612%887%287%128%711%679%683%179%490%200%672%421%506%238%921%338%756%176%598%955%794%234%465%863%967%442%909%861%7%77%980%266%925%399%364%418%79%964%604%574%689%424%839%526%670%175%565%873%316%383%602%698%660%878%873%901%962%68%986%366%312%873%149%111%278%952%894%906%425%927%638%5%520%624%876%353%245%597%590%766%471%243%561%544%675%368%848%507%577%617%180%586%54%267%17%581%585%966%605%261%533%844%324%305%866%281%192%62%626%800%372%839%144%181%318%468%775%717%69%756%817%427%314%243%936%877%610%312%7%814%706%113%884%168%458%845%197%168%158%376%93%158%635%927%659%871%203%984%8%334%362%554%790%209%122%798%310%332%371%5%678%747%771%314%832%619%858%900%280%677%327%116%795%257%907%132%757%96%305%933%662%825%467%883%487%589%83%575%212%633%232%89%894%653%167%34%170%802%377%160%503%38%7%17%330%461%815%332%446%55%373%650%360%241%25%232%789%731%959%740%409%80%642%71%660%761%476%751%935%415%352%295%146%510%649%556%438%174%864%941%992%447%1000%272%58%61%667%747%329%646%594%960%211%549%237%590%713%53%170%418%981%430%245%796%285%225%360%549%671%817%75%882%349%113%710%45%79%168%778%578%521%2%661%439%251%151%791%499%475%50%714%369%300%395%603%601%717%661%932%808%183%906%870%558%693%544%896%571%103%417%940%428%366%776%417%966%479%390%105%562%756%721%897%437%391%478%519%88%69%810%523%658%232%739%114%88%777%581%250%444%834%334%55%104%117%459%202%796%558%529%510%554%213%531%422%878%194%121%556%121%276%72%996%24%347%758%940%9%21%710%664%160%195%238%172%931%68%89%531%700%771%164%201%121%137%629%714%85%346%90%35%802%362%737%221%753%42%173%600%486%985%943%946%818%659%452%873%401%343%567%285%153%686%754%349%628%728%273%622%871%172%863%299%188%945%200%411%495%863%27%933%123%55%883%828%594%135%912%634%85%705%817%720%821%705%247%127%257%816%242%500%702%929%766%718%452%686%462%954%975%497%722%906%291%74%85%662%963%256%687%266%613%6%840%235%551%73%374%431%937%825%581%124%398%295%680%733%408%778%557%41%164%36%639%736%390%749%968%153%158%295%216%655%653%875%631%758%456%380%215%378%379%5%140%740%105%92%543%924%849%446%153%608%566%259%787%128%926%546%866%568%992%592%366%555%232%475%377%25%994%919%442%139%56%1000%286%876%136%814%956%803%675%225%958%975%569%504%717%253%182%359%45%563%971%935%317%456%744%916%903%784%798%573%45%504%282%833%749%718%924%919%214%762%963%815%469%83%630%704%408%473%557%102%593%962%340%601%5%810%119%687%647%775%645%724%796%150%71%393%856%144%50%192%806%865%479%392%763%151%243%434%593%646%188%328%584%295%302%350%764%827%64%563%984%198%608%683%956%280%622%251%982%723%291%467%497%887%651%162%308%90%148%769%353%876%985%528%772%753%69%957%594%902%511%877%887%764%405%284%993%772%883%9%841%500%731%950%414%827%60%29%720%638%55%261%727%209%114%296%464%436%632%426%958%310%710%777%55%27%976%843%763%269%723%950%294%684%638%134%45%422%419%832%380%766%295%811%39%167%154%817%879%820%940%408%648%627%982%556%231%235%756%148%224%724%207%14%714%147%894%405%950%583%760%407%9%625%525%586%378%345%769%598%471%979%632%650%639%573%349%131%9%830%116%168%106%522%799%475%866%939%758%812%365%602%223%487%571%794%724%381%511%76%638%697%417%59%546%552%449%640%777%498%837%248%831%697%230%282%357%822%45%423%729%820%846%199%933%683%452%372%246%69%646%11%387%526%417%160%513%192%724%841%897%106%414%469%388%350%275%427%709%584%576%428%717%339%919%638%313%778%237%587%627%270%407%754%969%134%924%626%535%830%802%834%31%905%585%494%607%500%903%721%479%637%645%809%149%906%283%697%787%94%858%380%54%678%175%287%30%905%794%663%854%478%820%595%743%252%351%587%173%923%504%907%352%382%56%369%847%169%937%770%688%346%153%720%815%244%290%88%5%150%383%819%344%686%28%444%825%141%463%958%273%490%317%966%467%106%888%21%102%421%694%449%473%546%844%806%772%761%357%911%809%83%462%331%334%290%314%947%864%377%267%653%254%894%557%35%429%139%951%895%510%242%140%120%608%392%902%401%631%633%999%832%43%82%362%674%512%92%883%5%323%926%529%955%61%479%623%560%724%355%214%259%823%110%90%716%670%171%97%851%303%978%95%140%314%356%628%670%356%493%284%867%663%337%21%776%883%915%39%482%535%183%628%264%361%307%343%345%547

4. could you remove all of the duplicate value in the following list?
[304,233,264,58,161,160,408,68,105,232,289,297,194,365,45,278,257,92,280,242,326,76,385,304,59,223,164,78,392,365,408,334,275,235,124,378,395,172]

5.Please remove all of the element can be divided by 2,3,4,5 in the following list
my_list = [i for i in range(2342,32455)]


6. Fetch all of the odd number in the following string and save them in the list please print them out
335%558%135%705%691%296%397%371%147%249%613%279%442%733%357%735%643%461%406%983%663%241%475%66%531%962%736%925%212%434%754%726%148%874%849%610%257%236%461%942%597%741%542%247%278%76%280%570%195%267%799%123%622%675%379%997%928%50%653%362%822%945%122%841%439%1000%403%867%766%847%625%621%962%978%279%298%758%392%921%498%667%434%718%662%822%307%938%456%687%332%977%236%23%617%875%675%206%832%175%861%738%698%469%419%600%355%332%362%903%432%599%662%514%169%530%287%869%710%555%619%196%604%595%495%504%206%437%714%405%469%753%9%603%862%72%540%431%288%599%762%635%40%172%600%203%129%797%257%77%846%107%382%390%373%828%585%919%974%549%897%975%729%281%865%922%340%55%186%590%163%436%760%90%751%713%762%660%551%780%565%18%770%981%974%494%628%95%600%549%274%101%682%864%304%922%359%658%660%837%326%290%608%330%832%71%299%537%655%897%782%861%453%927%480%761%512%209%767%914%473%479%98%546%394%854%220%922%10%119%885%59%299%894%652%600%419%462%638%484%476%338%599%232%186%932%523%942%61%435%201%731%25%37%389%974%535%299%161%18%239%264%710%675%185%831%574%763%242%713%285%193%78%788%554%264%637%315%674%54%688%218%646%412%521%544%393%272%329%429%922%208%583%509%49%418%86%28%172%811%164%217%259%935%775%892%137%454%650%308%551%911%573%987%785%369%80%857%828%234%128%868%960%6%756%992%322%950%562%437%328%444%867%28%136%462%552%647%165%577%168%852%215%354%141%756%211%942%403%290%671%726%631%450%258%672%666%471%319%946%201%399%173%656%135%155%41%311%686%199%57%726%343%462%816%844%928%37%902%906%427%14%204%462%155%93%434%839%178%478%880%730%385%873%442%610%220%476%297%878%317%452%169%637%496%387%923%842%271%2%431%575%521%634%839%251%121%543%871%697%235%712%230%647%610%655%508%229%718%617%15%395%9%695%861%5%661%648%80%564%944%731%889%832%414%914%497%158%412%199%103%334%977%48%806%775%648%543%470%962%11%416%661%280%773%898%56%420%289%872%794%204%111%376%451%841%634%94%916%168%512%116%1000%952%829%847%784%966%492%248%812%291%674%562%707%180%778%904%642%28%844%33%31%76%593%670%986%115%880%903%706%85%396%629%807%253%344%497%707%96%785%635%189%991%118%40%223%709%896%678%380%589%497%948%34%999%786%116%143%326%681%832%644%518%996%839%580%39%158%933%541%603%972%380%215%713%210%126%142%340%274%753%962%261%327%666%364%877%199%532%141%313%870%761%595%82%351%408%699%340%716%57%357%900%201%619%350%322%210%238%849%495%643%273%301%772%765%985%606%299%575%77%153%310%87%428%721%362%915%869%290%909%410%451%218%184%73%986%974%914%178%684%226%345%890%321%223%619%998%213%759%155%671%715%154%173%70%842%441%816%691%359%231%550%467%815%265%71%640%523%350%857%615%376%885%855%242%305%934%908%336%208%508%101%288%363%304%829%147%866%943%987%171%530%375%774%490%59%129%443%301%28%773%475%96%838%956%742%254%431%351%708%584%400%302%83%233%336%383%748%820%128%271%256%936%949%6%482%340%803%878%75%669%234%411%977%529%284%893%718%157%273%178%254%423%763%370%495%342%383%905%563%521%80%765%682%633%669%657%454%456%938%629%614%852%708%578%709%152%890%434%436%300%857%516%391%734%858%503%284%3%554%707%251%631%761%55%764%986%362%577%70%158%627%953%901%940%141%59%538%203%63%8%933%136%71%366%285%803%808%3%822%565%315%36%343%311%145%232%994%818%71%177%818%88%471%843%7%59%846%932%412%354%313%547%47%124%680%53%600%781%338%56%997%37%45%213%828%286%712%31%517%122%155%760%458%512%627%384%186%374%204%383%162%103%672%262%575%784%791%62%542%47%650%457%4%461%492%925%220%908%912%768%902%384%249%376%93%552%912%203%428%338%966%504%710%442%435%880%215%403%260%587%958%260%871%688%532%668%309%602%50%375%849%910%805%659%870%470%858%965%695%351%33%711%368%407%301%666%438%449%697%952%442%361%675%364%12%948%69%655%559%25%894%481%863%436%183%889%294%476%94%735%957%234%767%428%637%698%863%128%164%63%296%937%907%567%963%790%416%101%591%793%817%4%799%145%707%829%155%197%407%752%888%699%214%712%727%807%632%335%995%716%208%470%341%856%996%793%904%776%702%865%80%218%866%465%150%170%853%536%443%368%942%205%926%42%409%309%200%468%223%777%80%306%170%184%919%556%168%102%701%886%550%22%11%41%602%377%411%889%737%68%838%51%675%702%165%796%911%838%605%259%612%296%497%894%840%243%11%768%229%136%802%708%129%683%406%513%593%696%787%175%997%705%456%890%102%34%12%205%505%27%488%697%656%902%10%657%755%107%578%850%601%964%731%594%751%665%725%705%571%503%504%495%922%942%5%404%663%23%23%888%708%863%559%858%417%387%842%734%186%263%736%87%565%924%822%532%184%181%453%975%914%3%221%203%172%142%623%548%597%473%957%793%983%692%148%616%762%875%806%687%586%511%928%367%112%224%13%488%809%531%705%901%205%657%617%551%181%995%281%201%713%835%352%326%346%660%773%809%194%494%212%40%700%434%609%750%426%815%689%322%373%54%173%739%138%935%713%849%499%482%123%492%656%529%312%739%783%792%18%745%704%924%49%155%428%959%861%824%490%71%697%929%447%755%810%206%694%902%765%972%170%500%288%802%805%721%210%811%696%17%984%59%82%364%408%33%910%446%276%615%890%831%496%347%922%667%129%786%157%900%35%57%915%124%9%719%266%121%684%305%111%671%588%853%674%166%733%362%818%629%279%885%454%1000%606%869%3%361%143%413%86%128%311%737%767%387%1000%766%511%317%98%312%425%277%221%161%284%29%32%474%65%882%629%394%281%407%134%351%362%120%496%940%156%203%620%899%784%614%102%321%113%618%856%119%880%853%771%723%269%774%815%429%297%280%13%55%880%883%958%958%967%302%385%338%910%712%415%608%132%959%430%733%641%306%118%738%593%128%256%957%975%25%971%821%362%394%818%855%80%219%797%310%534%693%971%917%153%996%416%108%161%134%786%750%259%492%394%899%555%753%699%715%218%201%36%577%63%488%544%727%350%69%732%551%519%14%859%554%481%716%861%824%531%849%669%128%172%12%629%757%717%196%716%464%607%708%851%617%646%311%954%567%683%275%738%400%509%342%265%171%926%56%920%285%205%532%47%67%14%255%64%79%144%689%461%256%653%768%830%346%611%683%767%378%213%832%793%991%582%356%781%800%825%188%482%252%442%344%452%764%155%904%813%542%621%643%564%552%891%338%165%230%644%159%298%883%703%919%674%785%896%296%776%782%671%494%100%711%589%962%800%86%231%795%89%816%597%972%14%775%584%303%711%220%114%252%539%702%155%960%491%902%163%56%448%432%892%672%508%525%975%617%275%476%390%111%890%358%332%80%689%678%892%425%37%791%352%698%756%29%555%817%328%611%508%567%458%612%361%311%803%793%73%699%517%693%863%571%261%268%619%662%421%247%700%845%395%614%652%44%811%566%479%834%380%609%637%54%140%704%539%715%814%197%526%173%680%931%266%339%661%407%298%168%703%289%497%50%791%472%55%734%468%165%816%811%245%771%88%42%769%194%579%88%422%363%689%801%301%294%322%735%871%441%437%221%448%527%873%16%74%608%895%509%934%854%717%6%74%43%76%786%594%402%623%341%772%161%447%602%662%99%838%257%287%759%683%950%339%38%37%467%171%975%360%67%716%377%638%151%175%753%638%162%172%809%596%333%710%722%341%319%730%981%889%27%190%221%886%840%837%142%658%982%57%843%632%597%840%516%328%531%895%304%566%362%217%178%517%615%136%67%277%430%706%918%350%449%807%426%387%863%525%597%498%500%983%461%676%312%654%156%336%936%421%693%554%776%298%562%672%54%971%48%943%343%803%546%411%776%624%63%852%539%969%858%45%132%397%15%247%787%631%734%56%629%855%632%322%53%640%234%385%884%617%862%731%864%448%920%909%476%668%288%756%62%910%955%52%724%27%937%495%756%798%175%91%793%512%991%763%940%25%706%849%257%714%165%179%494%858%562%355%698%155%831%331%2%624%82%593%318%912%47%528%895%183%261%725%372%849%894%646%82%68%707%825%884%279%983%54%857%982%960%776%987%330%191%408%891%124%762%423%634%439%65%965%980%614%585%104%382%258%485%492%639%169%235%976%145%30%35%440%362%967%925%509%745%116%532%836%326%350%983%401%668%896%26%4%331%884%682%773%344%947%654%856%410%402%77%948%500%656%146%212%150%737%749%156%274%87%974%695%840%564%454%169%64%143%577%491%702%375%687%267%899%502%175%1000%119%518%713%658%707%176%101%503%365%574%427%776%667%327%532%402%808%975%619%600%233%633%894%750%457%56%932%172%196%976%397%927%139%388%797%75%465%912%80%634%668%651%14%179%839%156%384%416%48%671%813%988%479%134%10%264%88%70%694%524%741%628%342%849%559%401%527%965%735%191%360%335%381%178%185%601%82%883%276%602%658%167%788%253%115%392%239%177%939%922%784%994%873%634%513%643%449%356%941%912%241%520%497%320%834%208%560%482%320%297%423%357%62%320%927%373%75%45%886%398%805%260%700%8%947%389%259%479%828%657%141%360%553%718%191%265%703%210%788%189%223%505%459%306%289%860%88%407%304%168%521%951%506%803%274%542%260%383%769%750%898%231%287%865%541%970%175%148%602%995%346%113%797%895%159%623%167%742%187%156%801%229%616%966%408%528%346%825%709%805%32%806%99%155%535%492%62%980%591%619%124%29%551%100%515%135%825%533%214%961%708%396%86%8%407%748%52%965%643%561%603%787%291%82%697%956%704%718%660%864%605%702%15%878%206%864%520%556%244%806%524%439%316%771%199%666%369%871%751%729%163%691%406%309%633%616%217%791%652%948%907%318%379%798%657%102%447%596%17%316%303%544%574%102%698%553%499%756%690%547%409%255%407%704%842%631%683%927%221%523%248%986%717%91%606%570%293%426%396%951%725%979%205%673%443%580%549%17%582%677%28%745%365%687%238%799%209%806%863%478%804%234%140%309%22%41%59%408%175%756%969%259%173%400%327%677%726%322%941%563%931%883%253%147%135%541%225%304%817%560%764%117%649%721%564%644%726%683%786%714%892%645%998%443%634%746%658%445%274%265%927%511%874%609%138%774%839%324%306%80%646%449%332%861%96%843%26%808%455%635%263%95%956%690%931%122%682%863%198%184%159%438%362%504%419%133%700%402%298%256%224%356%837%837%753%805%859%368%162%595%112%4%239%889%915%834%820%63%957%274%953%652%121%57%896%962%367%568%926%702%263%608%244%776%496%228%183%652%186%819%8%680%51%673%597%286%80%50%468%716%498%786%29%318%808%123%106%985%647%765%356%690%826%450%407%579%737%408%283%362%33%315%651%369%605%617%860%322%798%614%638%686%322%670%457%958%367%87%342%314%159%677%359%697%742%519%155%494%855%242%339%761%598%677%454%797%742%259%230%867%443%801%193%960%65%243%748%437%940%139%482%784%990%125%212%577%840%784%684%688%236%71%540%471%223%145%9%67%210%939%759%543%66%702%397%987%143%247%157%606%875%748%164%352%4%743%290%644%833%446%457%477%628%262%340%983%916%816%557%483%58%871%876%679%826%784%339%122%801%279%533%403%240%542%118%14%626%704%859%425%652%266%295%232%91%561%63%861%83%810%301%9%359%25%98%116%198%765%286%103%929%321%598%691%229%908%685%749%668%803%644%921%672%928%151%238%899%666%279%189%571%148%802%446%365%967%286%966%450%723%889%102%693%129%341%373%477%710%201%472%304%178%871%985%815%623%383%228%863%647%691%912%512%651%471%811%395%60%388%818%507%816%800%172%638%655%158%122%196%983%843%968%704%62%490%936%844%389%100%219%318%946%632%208%268%457%436%996%843%13%382%729%105%411%849%882%877%486%636%683%600%653%77%950%776%76%204%654%519%137%110%909%596%351%112%920%331%420%998%317%175%334%28%345%690%745%737%680%649%459%23%352%674%664%649%155%743%87%506%215%715%712%330%79%75%180%332%502%624%847%328%654%973%889%338%103%307%214%764%680%70%965%246%791%283%1000%45%423%101%710%116%210%373%547%860%715%247%704%233%978%327%29%963%116%313%281%380%977%231%865%685%981%198%111%105%352%880%180%73%500%543%315%2%15%685%429%958%859%714%708%668%460%182%871%370%733%307%611%853%889%603%986%555%74%584%143%717%121%91%810%996%348%46%595%95%707%917%161%826%833%905%310%110%805%9%881%230%166%697%911%725%794%506%100%221%314%406%145%109%12%644%675%479%21%579%556%782%133%674%361%827%793%28%539%295%207%411%411%270%287%936%827%963%225%535%547%710%823%488%12%871%279%287%812%237%572%514%101%849%363%338%435%567%975%578%187%687%188%834%3%712%998%664%529%662%720%131%885%76%721%797%362%427%576%466%921%599%2%872%657%72%987%260%246%791%637%599%395%597%996%39%62%702%202%636%393%340%134%528%144%14%501%971%965%524%287%199%92%135%544%43%965%760%373%43%658%621%836%488%597%553%84%366%380%421%663%686%765%450%100%55%924%521%527%956%101%157%316%301%57%49%664%608%525%997%451%360%860%560%451%967%752%905%789%447%272%856%778%575%886%842%728%969%634%31%112%739%457%91%148%247%919%555%616%553%88%640%723%250%802%130%260%661%615%997%918%166%711%573%296%733%219%20%347%543%816%427%422%933%80%677%538%105%998%428%946%17%717%212%884%350%802%515%327%790%36%501%1000%698%328%425%620%153%390%484%311%152%721%600%388%829%581%978%271%856%434%81%780%494%183%144%986%603%903%26%707%883%122%680%470%946%450%493%383%975%635%289%338%157%670%434%146%160%312%348%481%411%280%749%958%270%275%324%556%696%809%520%787%592%821%154%395%67%828%720%244%199%963%872%837%755%440%482%211%399%810%476%565%525%943%933%675%184%749%138%115%157%497%851%440%398%391%168%366%77%531%335%909%902%637%511%214%833%631%995%968%908%875%832%217%509%980%108%409%920%920%853%299%710%863%471%140%440%934%338%320%921%330%708%959%485%767%611%52%766%673%779%620%176%272%92%758%469%180%753%466%836%498%513%601%926%37%847%888%183%879%808%932%27%288%331%349%579%769%650%810%238%119%767%674%968%105%626%468%673%52%716%205%695%239%140%64%6%974%119%362%217%483%519%370%757%361%600%823%664%589%37%201%763%920%399%748%85%537%237%940%459%99%761%173%115%646%475%927%995%748%441%188%63%917%815%966%935%109%41%444%28%157%11%877%161%863%738%515%444%412%563%982%817%767%933%509%982%864%763%952%606%755%377%920%673%919%470%881%685%442%585%741%50%495%22%675%556%289%594%523%471%200%117%752%119%670%623%734%191%158%939%576%276%114%607%199%986%969%541%329%849%115%366%295%206%202%581%406%37%504%839%624%231%568%841%422%110%66%393%995%28%577%515%107%126%663%817%498%384%917%793%83%698%86%829%660%215%789%856%213%405%711%739%491%33%947%705%38%267%253%148%734%120%390%783%270%520%387%421%268%467%953%781%268%265%913%491%83%22%598%460%981%981%756%248%98%739%896%95%217%740%471%90%523%305%145%650%446%46%732%703%715%229%76%912%980%6%481%57%685%768%886%273%73%960%280%560%721%954%94%473%669%771%310%658%198%142%45%219%372%911%72%628%430%432%735%907%54%22%360%358%549%446%199%93%651%377%822%384%780%682%727%332%539%705%890%691%412%174%614%662%609%491%679%841%704%482%751%340%923%673%607%27%813%371%432%581%474%245%470%943%518%674%781%827%419%498%114%37%260%866%235%268%743%327%147%755%120%696%856%714%218%322%908%36%975%947%208%242%390%222%826%240%300%123%85%726%492%475%702%434%223%807%179%101%299%765%826%633%567%953%828%595%243%104%391%44%711%46%569%910%76%431%245%411%841%470%590%347%959%347%404%611%871%786%112%6%14%954%436%315%788%723%474%836%108%866%717%789%107%713%624%408%954%519%495%49%660%727%74%8%231%443%963%984%748%580%464%1000%751%523%196%326%320%962%43%396%630%422%431%436%576%714%816%92%848%481%656%279%277%581%94%482%574%328%110%12%83%482%930%372%163%574%534%736%978%154%217%569%500%801%839%306%334%255%692%435%386%361%830%434%294%914%395%563%570%425%397%673%51%429%944%617%998%323%88%147%932%384%875%889%927%26%28%211%902%30%803%267%75%623%938%226%834%355%742%364%958%515%119%188%279%293%402%856%365%749%48%633%643%204%23%104%702%343%947%288%346%62%693%901%276%619%484%209%67%946%938%828%933%491%933%481%424%290%666%599%387%865%698%819%433%378%351%181%460%117%438%472%673%321%877%449%230%193%154%853%38%52%829%644%186%719%46%965%975%412%406%207%136%813%669%454%237%863%977%755%555%2%46%175%24%362%242%833%408%230%727%565%890%738%9%920%961%561%270%135%228%605%509%649%888%151%186%316%959%241%967%570%629%671%611%28%686%337%583%430%235%361%643%211%826%164%572%189%162%91%501%278%384%509%350%855%32%561%289%783%726%461%185%657%783%708%279%517%377%627%906%33%181%920%98%311%713%770%302%551%642%848%266%77%886%502%489%563%523%481%237%413%58%934%301%370%974%976%781%487%516%741%931%209%643%952%88%225%758%338%104%432%175%613%509%861%329%788%606%729%441%927%526%205%214%166%318%480%358%269%541%836%451%917%336%824%141%986%89%645%888%867%55%790%569%749%993%218%379%680%5%237%664%674%433%178%846%114%746%175%287%409%593%429%949%74%17%452%263%27%479%397%676%254%221%126%211%936%24%719%289%736%112%55%340%713%58%727%796%523%960%291%806%657%901%349%5%878%501%686%955%153%972%699%55%370%420%930%427%480%409%513%223%736%182%761%140%133%331%62%750%511%297%637%698%946%509%82%692%913%782%21%435%191%728%204%460%652%93%212%108%806%186%368%787%28%943%553%376%946%63%822%751%938%243%718%517%402%969%935%382%566%640%734%6%776%78%39%325%661%414%16%274%424%380%275%500%100%225%813%440%156%564%386%451%194%713%85%105%750%967%486%191%997%350%349%139%161%469%609%347%844%858%459%170%651%133%565%324%790%436%352%441%864%30%245%442%467%575%946%224%174%799%694%196%840%184%551%977%446%582%682%68%823%657%804%383%38%213%181%580%418%347%892%278%733%45%882%182%409%538%606%508%921%663%709%163%772%255%544%440%712%770%692%267%457%790%326%349%277%452%494%539%57%219%597%978%29%719%709%915%116%981%323%492%483%725%906%870%728%836%564%219%662%867%583%368%906%976%292%790%981%71%369%250%931%147%29%340%125%84%157%563%491%130%700%483%961%185%871%679%522%817%740%593%26%482%247%118%173%328%812%695%797%296%52%632%739%496%896%391%52%960%213%361%145%668%405%738%155%121%14%533%933%913%427%846%139%316%292%415%938%873%340%772%78%887%338%535%197%392%924%269%312%494%64%352%626%806%331%465%760%401%981%29%189%214%549%974%131%765%839%632%719%655%803%425%738%565%183%177%73%352%917%963%146%596%792%76%723%967%2%938%12%770%102%37%479%108%832%605%178%876%372%425%613%664%171%772%995%675%739%468%419%892%613%4%105%847%501%336%280%830%323%722%858%905%243%401%973%551%935%991%920%637%753%506%72%896%17%850%641%659%869%112%806%343%65%299%29%563%321%838%894%623%751%764%124%984%843%182%566%879%92%780%198%360%266%312%178%269%876%365%413%677%231%369%721%439%583%499%801%990%775%410%436%699%812%435%799%565%309%802%875%774%341%303%545%871%325%846%674%698%801%525%171%826%502%616%830%812%500%985%272%418%798%573%699%104%351%77%52%64%88%437%454%434%330%618%19%540%921%768%934%865%758%458%209%710%323%195%644%523%964%316%725%189%95%876%438%100%116%912%536%7%531%586%901%854%111%273%445%202%120%465%462%284%581%658%430%118%943%274%811%290%941%299%794%460%362%124%452%485%948%828%389%905%11%228%911%296%419%3%314%751%963%25%156%598%729%357%833%266%943%984%503%816%376%484%892%92%62%962%998%472%805%510%311%706%263%656%550%882%699%154%764%516%255%486%607%245%794%140%315%457%604%239%211%930%702%953%544%847%833%850%185%848%391%233%409%171%666%417%618%294%454%142%704%745%821%363%344%148%649%210%194%526%159%54%719%962%251%968%185%607%992%929%389%292%668%121%652%697%707%387%514%835%763%802%451%399%869%475%765%190%818%392%390%230%537%777%91%281%840%76%631%777%37%641%614%539%190%945%457%125%945%559%657%60%752%454%613%381%998%275%531%707%787%191%262%509%1%100%849%777%237%129%336%904%759%469%762%27%611%803%757%837%776%664%362%470%131%855%500%755%130%995%67%714%509%334%609%864%400%290%428%143%301%53%488%708%761%751%164%268%100%599%529%4%137%567%653%681%792%380%366%150%52%421%565%692%979%760%555%179%805%624%512%58%758%786%414%724%715%329%963%387%985%980%247%588%706%784%776%733%769%626%532%832%664%966%195%466%493%503%604%378%797%965%98%656%609%332%873%797%466%669%326%512%608%44%859%451%937%441%869%487%391%394%280%381%598%774%622%326%62%647%727%627%406%24%796%442%578%258%938%953%746%762%495%472%356%39%694%684%451%314%226%253%712%136%509%331%360%42%1%923%755%714%252%210%84%121%884%301%717%433%72%547%923%168%280%579%20%195%145%238%758%494%45%240%250%951%524%727%102%488%474%114%195%190%800%703%551%217%844%406%490%767%346%918%486%383%513%545%526%813%760%388%324%394%760%166%806%318%62%60%226%792%257%681%794%259%888%969%507%338%214%60%380%821%879%548%229%42%551%879%804%12%682%52%237%278%328%223%522%546%290%682%623%422%525%147%39%854%777%553%157%474%365%997%64%593%335%460%531%272%707%857%737%119%564%776%425%256%438%389%414%857%708%170%269%402%685%869%711%378%531%808%632%781%336%478%745%130%1%217%581%890%338%250%764%453%816%526%971%843%647%628%4%578%499%262%582%759%299%405%484%224%240%422%905%817%694%439%829%721%891%454%816%284%126%658%522%454%130%19%175%116%798%478%471%952%521%190%83%191%405%131%954%848%147%859%767%109%639%54%444%994%142%504%566%552%466%622%135%218%698%971%856%950%857%340%966%213%712%603%673%442%982%835%775%488%302%534%534%409%318%444%220%721%366%873%284%350%542%49%812%884%664%374%864%47%574%736%827%279%872%725%539%312%378%359%912%624%670%955%712%217%239%149%836%210%523%268%330%662%789%643%494%632%624%68%557%874%253%7%25%986%96%860%912%811%783%975%613%575%288%370%262%558%589%462%751%21%140%852%136%230%750%798%928%903%58%432%791%341%47%147%552%153%757%207%136%720%933%13%299%991%216%142%814%371%51%694%868%721%345%306%633%517%229%743%896%368%108%152%470%651%526%420%290%821%670%990%77%336%100%62%795%490%69%864%17%716%260%995%418%898%909%723%49%846%788%929%162%605%853%697%583%570%460%688%223%138%466%882%799%884%256%281%890%891%723%228%206%490%363%755%780%113%927%348%959%394%859%339%598%105%61%156%834%109%232%168%325%29%398%199%856%878%37%458%162%798%467%370%441%402%128%421%549%906%923%755%228%189%14%729%91%151%840%752%965%522%148%191%512%908%961%697%848%959%262%110%979%658%788%637%141%155%420%246%331%407%183%953%860%625%400%434%948%401%696%243%781%406%646%627%82%564%792%871%189%596%577%121%465%26%589%838%113%316%262%886%860%565%68%757%462%719%235%388%155%953%792%579%678%50%999%852%51%138%109%60%178%541%481%37%706%177%504%835%512%872%437%599%779%569%870%96%397%543%182%658%353%41%16%157%544%52%697%24%843%193%16%659%428%193%804%444%123%470%336%580%193%380%97%530%537%817%55%367%128%263%832%402%728%376%175%68%840%787%376%358%383%44%451%256%91%472%791%427%995%712%498%91%715%309%722%898%646%159%494%85%781%954%863%892%593%718%733%492%877%453%561%583%87%671%974%962%739%811%82%911%844%65%474%289%316%407%270%254%803%457%48%911%523%520%9%251%806%476%372%353%252%82%940%891%909%338%949%623%968%500%843%895%166%759%208%861%947%885%827%853%984%851%868%775%945%85%359%287%41%873%450%906%105%557%896%742%948%63%616%444%957%683%277%909%784%559%503%321%75%295%292%380%152%563%38%86%875%579%71%536%679%272%754%819%533%788%449%567%53%689%771%792%948%36%700%531%283%337%497%765%911%276%211%93%477%154%206%886%984%156%458%440%512%933%479%162%955%239%857%714%182%64%5%66%237%825%453%935%17%544%686%173%92%203%634%816%50%31%282%860%729%188%293%722%523%3%725%691%776%34%270%444%586%165%613%224%752%913%47%728%314%487%67%849%121%524%19%426%762%80%960%938%23%357%494%847%796%106%360%736%139%70%478%551%846%160%15%91%830%347%978%88%14%294%438%882%753%79%785%876%923%734%550%880%393%466%203%890%488%628%397%736%79%403%285%545%480%338%813%170%208%108%406%393%514%795%236%242%691%333%515%152%231%770%141%504%532%143%678%697%8%477%31%502%796%869%611%667%269%351%721%317%905%312%708%875%24%951%9%838%751%128%72%702%660%987%401%106%644%300%987%867%379%307%909%966%644%738%906%708%105%899%143%253%867%200%351%279%329%230%984%271%680%659%92%222%721%930%129%257%431%264%24%917%982%403%820%794%587%568%315%766%942%939%543%473%855%967%501%622%774%773%954%817%567%313%203%306%233%922%295%332%227%625%680%206%243%953%826%277%714%445%765%825%292%546%387%436%400%838%210%123%948%126%748%525%265%525%511%172%457%872%973%459%657%457%65%796%797%389%36%310%371%513%419%996%926%970%608%244%993%180%870%935%340%578%968%81%135%39%841%737%268%581%264%678%267%605%283%204%898%71%27%452%538%741%393%968%122%129%36%516%388%132%114%970%145%659%796%562%121%477%104%614%33%599%924%775%8%596%983%930%151%55%186%5%343%406%164%860%264%275%333%137%566%869%818%436%509%341%233%50%860%495%417%911%216%868%560%327%882%311%315%325%541%544%936%303%216%139%740%968%988%766%669%59%441%132%598%78%237%897%167%396%144%527%216%855%32%492%240%914%314%969%278%677%912%57%942%829%289%187%378%404%235%960%804%7%43%401%675%305%133%715%108%683%153%985%723%30%991%674%579%382%789%70%428%461%360%220%809%8%535%509%25%41%442%237%277%482%124%857%725%361%968%658%343%795%480%755%277%149%644%171%513%901%466%987%753%419%537%168%669%347%42%140%772%817%695%341%880%533%303%765%293%799%421%960%255%837%810%272%137%668%781%435%599%452%13%970%483%14%712%770%637%54%113%737%249%798%273%81%751%199%381%383%853%958%755%78%33%789%424%354%656%227%466%538%801%247%178%662%125%32%15%566%80%112%549%126%25%546%714%57%89%21%304%325%269%798%393%997%548%861%886%895%77%705%733%555%134%309%162%268%699%792%982%475%117%936%159%890%375%709%840%961%413%511%270%23%42%497%792%384%337%819%706%515%942%898%217%602%338%897%728%959%271%325%667%511%463%715%433%365%639%131%580%863%144%240%902%402%262%942%276%889%971%129%688%62%734%932%573%818%51%943%530%451%968%839%498%359%537%976%773%430%723%986%544%904%481%641%801%776%573%547%369%297%273%179%305%487%3%640%516%86%329%266%290%176%888%395%816%740%393%160%901%801%333%272%970%157%852%684%464%659%974%224%813%950%656%973%503%10%774%974%344%675%548%14%256%152%552%406%482%491%749%477%262%865%70%508%13%970%914%848%518%984%172%120%34%607%97%8%38%657%468%3%428%427%917%641%417%290%144%636%468%862%8%965%67%460%384%681%554%165%499%77%126%124%211%849%133%402%268%999%51%216%64%383%1%307%816%937%384%907%14%525%820%930%369%170%547%233%879%764%83%586%246%63%182%240%810%10%966%183%515%884%633%323%748%31%286%964%22%834%728%640%345%149%684%916%501%133%390%926%640%597%763%359%599%414%643%272%674%883%216%396%164%568%932%137%783%920%1%684%824%111%586%768%269%277%224%503%805%648%364%889%882%870%354%913%124%156%668%681%95%450%154%252%492%195%369%385%58%816%258%774%952%162%425%81%2%255%915%1%43%441%353%901%700%257%676%225%149%842%656%689%809%58%226%522%941%235%500%423%544%450%231%368%400%98%723%70%679%488%898%897%631%209%256%497%739%130%793%702%194%495%309%349%204%665%587%721%454%569%243%229%772%605%703%419%120%429%905%268%294%333%87%43%247%353%773%636%671%776%30%294%836%920%455%343%198%222%764%908%962%284%547%933%876%853%43%538%151%632%409%817%699%116%179%691%66%111%125%599%597%222%507%380%574%2%88%693%626%501%382%286%713%163%437%217%703%327%133%191%884%785%624%143%951%468%217%465%679%218%350%393%227%506%353%970%499%338%322%875%280%643%267%284%68%609%400%841%531%944%725%163%147%199%759%343%551%576%571%267%739%105%83%379%456%486%511%155%914%348%502%640%923%174%269%252%123%920%707%955%945%658%149%614%457%33%550%30%901%37%13%701%640%311%673%322%418%834%385%349%541%531%335%445%848%919%587%891%613%442%190%789%480%326%576%774%36%969%224%868%421%482%804%260%32%973%736%456%683%336%747%223%901%230%590%641%753%885%738%159%796%661%971%171%661%788%356%845%341%609%540%48%633%239%370%364%825%259%353%338%614%75%403%218%238%134%562%879%306%678%819%283%513%283%778%573%653%382%810%88%321%977%909%368%759%965%190%934%269%301%152%175%873%693%368%406%798%958%742%98%885%875%507%394%854%802%841%2%727%504%410%920%790%317%361%169%658%873%832%461%386%773%776%70%680%61%709%460%92%464%854%143%885%519%180%492%719%902%396%336%793%302%127%942%632%998%229%223%714%901%320%238%975%693%319%177%301%97%868%508%172%172%740%890%946%272%443%60%192%739%195%586%864%417%364%132%219%981%229%904%644%678%805%534%555%752%744%100%724%815%135%671%749%373%824%383%59%591%910%256%982%451%751%886%265%779%651%971%120%549%897%462%560%916%483%264%827%933%544%479%622%866%171%636%266%837%563%158%767%274%887%376%443%383%725%757%773%577%825%938%543%372%451%905%245%285%425%1000%927%209%796%573%717%883%979%200%106%599%97%916%985%361%795%194%144%748%426%425%142%969%130%809%714%170%522%245%919%268%870%713%756%994%160%148%639%823%543%944%521%684%448%587%551%812%717%962%618%604%667%481%225%178%969%475%972%702%861%843%827%559%402%462%848%22%400%316%329%776%720%638%91%319%203%756%394%521%111%284%291%993%433%186%704%54%927%612%247%879%572%348%109%578%817%796%534%470%658%580%708%238%432%386%542%727%376%785%635%430%556%997%558%276%200%150%330%54%154%426%898%829%210%981%274%605%33%895%893%188%576%772%418%953%451%199%945%895%211%253%473%223%73%425%646%184%938%851%922%837%895%226%283%439%393%236%272%47%693%444%989%423%745%183%816%925%902%314%793%850%821%239%637%961%558%792%246%339%352%500%476%192%61%384%368%210%896%585%878%546%605%244%554%214%282%787%994%921%527%557%889%416%663%844%19%476%685%78%755%441%499%79%680%366%572%131%85%398%821%973%787%66%112%413%874%468%562%27%957%688%727%812%808%924%96%590%508%836%195%131%731%829%842%15%907%768%83%636%408%656%9%96%793%283%379%543%299%616%672%305%473%86%910%84%504%899%288%327%418%596%447%785%86%138%65%585%588%826%107%753%512%151%514%339%942%181%235%577%697%979%592%504%576%506%102%80%214%78%420%430%75%97%169%367%828%304%300%262%80%810%102%319%62%169%476%63%149%337%69%586%604%370%695%834%409%793%62%759%468%280%934%806%573%543%814%971%258%684%449%97%697%455%428%852%925%457%981%698%859%78%217%341%431%428%415%321%714%226%38%11%642%630%311%733%299%507%381%273%747%808%256%326%340%502%671%416%887%945%377%568%128%780%446%260%1000%366%404%713%666%562%939%627%848%307%465%790%399%117%841%122%883%871%515%779%484%432%255%165%194%41%293%933%361%835%414%270%129%797%665%401%160%115%913%767%236%772%369%736%928%859%819%129%963%462%197%488%359%497%584%521%877%182%98%539%868%353%20%225%707%895%314%705%366%72%388%307%754%954%849%402%565%292%27%266%559%495%913%706%15%596%958%397%194%590%29%291%899%819%990%397%226%701%371%845%947%90%798%714%866%462%655%367%702%142%2%101%867%581%302%68%807%163%650%258%76%59%40%131%779%178%515%522%862%638%938%995%551%701%409%625%601%375%22%396%105%174%529%345%762%840%629%269%446%279%483%854%260%957%295%612%734%495%868%144%798%384%241%419%434%107%76%595%108%130%280%532%140%913%505%761%341%427%644%796%933%336%671%61%37%717%756%366%902%7%625%751%837%630%410%673%995%34%897%942%752%644%532%77%577%877%447%923%845%857%378%519%241%176%800%148%286%115%291%480%457%246%868%588%782%333%596%128%704%566%116%605%596%60%74%160%198%829%75%844%912%827%10%526%480%819%612%517%700%743%523%745%607%455%323%148%772%586%591%130%459%18%119%9%811%522%772%886%389%983%362%342%676%146%874%346%635%192%168%398%787%470%192%918%683%983%728%119%132%14%297%592%647%364%785%794%554%430%36%401%332%807%874%241%824%883%330%107%482%237%165%352%913%806%493%217%363%979%442%123%16%886%974%955%60%349%577%102%365%749%19%437%704%393%67%797%281%102%68%881%238%361%994%563%988%691%392%964%759%803%591%255%303%390%128%263%491%189%796%260%155%793%584%197%477%317%312%394%35%882%814%347%273%85%536%243%574%179%627%233%579%736%756%542%744%897%355%367%111%492%887%766%713%211%858%763%754%929%923%916%508%665%637%160%738%861%227%336%598%495%492%885%990%175%506%791%384%800%452%788%202%984%928%19%977%886%140%10%273%408%585%551%413%430%997%789%506%297%572%507%344%537%474%488%705%781%857%697%691%653%634%6%927%532%785%346%45%946%610%321%409%285%636%642%351%790%813%733%741%613%283%766%944%425%542%341%11%464%937%171%44%611%17%991%22%157%513%538%127%478%63%849%843%979%868%88%996%716%196%399%48%954%518%30%54%286%232%351%589%99%428%564%418%885%883%571%999%606%675%635%341%786%919%259%674%105%297%704%705%998%597%776%940%590%646%13%812%259%207%998%362%659%622%452%655%544%127%920%999%64%350%919%669%25%329%380%472%288%586%447%756%537%750%766%595%198%298%177%808%995%949%583%895%694%47%901%740%387%68%811%770%521%284%216%402%388%479%95%25%782%391%500%675%547%536%130%654%484%733%933%898%437%546%616%722%535%407%333%504%926%185%498%366%548%854%673%953%339%613%336%693%764%718%323%153%822%149%317%662%931%815%914%350%498%938%720%171%514%535%185%651%870%210%517%675%20%524%226%499%710%159%923%396%655%86%955%293%721%621%895%689%834%515%611%469%903%877%233%659%942%402%27%443%475%971%473%726%30%606%529%248%588%948%737%990%610%461%143%99%776%622%513%595%565%814%253%223%44%126%764%780%931%368%779%535%17%704%645%533%718%530%551%401%880%924%480%966%433%195%383%446%314%149%660%819%686%490%199%710%916%670%767%89%966%170%380%29%602%164%899%372%105%382%30%767%3%219%936%517%240%175%615%606%452%617%272%995%822%298%756%167%328%103%628%911%85%989%163%441%741%719%718%641%743%87%805%149%711%889%603%13%580%419%444%801%654%573%713%415%678%908%784%16%676%131%344%496%398%914%390%998%855%977%905%919%447%301%364%403%477%148%313%18%681%316%636%119%491%955%666%914%748%801%720%210%997%130%200%129%999%25%467%715%40%722%847%985%89%530%823%498%37%230%521%526%591%115%319%380%969%934%616%645%537%89%130%210%13%14%715%724%409%166%257%918%615%743%774%19%263%382%819%185%419%132%440%443%362%860%931%596%747%812%142%35%405%575%861%230%499%665%199%427%570%906%749%585%240%387%814%618%265%549%619%618%812%389%465%641%536%848%963%764%451%10%87%191%653%986%860%258%960%538%432%844%603%770%960%210%4%840%788%506%24%637%869%696%694%629%745%934%439%29%252%511%12%232%679%818%575%182%881%975%376%595%407%60%242%40%836%94%911%782%708%453%335%16%332%593%426%68%194%140%253%280%485%451%292%140%569%391%409%88%417%908%175%849%19%654%132%116%206%768%164%288%939%849%111%488%638%19%566%533%833%614%43%308%880%928%242%209%897%395%922%379%727%584%981%893%314%258%201%598%662%540%63%495%266%609%181%675%660%322%195%955%99%163%664%456%141%295%205%627%717%2%483%649%178%209%3%561%68%552%165%265%875%200%23%638%601%813%129%376%809%251%144%529%466%920%352%498%83%264%449%564%889%497%649%167%423%426%6%89%747%593%734%402%392%994%684%588%789%457%443%589%629%921%116%785%210%612%586%765%827%527%660%975%507%633%250%403%158%136%393%531%381%577%128%841%903%384%609%859%132%470%948%986%149%663%767%638%687%209%573%425%370%456%684%909%884%872%733%157%715%280%570%594%743%380%195%794%183%810%935%568%959%433%377%886%701%391%951%157%742%822%652%30%779%868%852%639%761%667%547%182%540%802%280%87%100%520%246%658%860%65%212%617%949%897%798%555%248%402%702%513%644%135%198%648%599%246%319%211%794%225%642%633%740%451%595%48%973%136%296%508%268%902%633%597%519%882%987%124%298%409%379%87%512%815%398%480%226%697%59%338%16%684%886%907%218%832%436%35%683%970%19%178%633%894%225%394%538%959%821%921%438%89%143%258%395%998%590%613%658%71%543%206%561%962%959%591%687%162%9%767%694%769%263%85%280%936%183%676%416%54%178%940%571%222%567%808%31%389%153%580%136%842%107%1%469%117%342%258%203%242%357%572%763%736%211%3%773%809%598%931%302%130%868%140%241%674%76%496%412%304%468%738%935%634%368%368%832%967%485%702%736%762%318%556%231%866%285%869%473%635%442%810%533%537%284%37%123%203%402%376%19%471%575%140%336%473%769%19%887%438%678%718%556%541%518%696%135%207%353%119%637%799%421%990%903%333%766%445%806%698%239%775%64%128%934%174%842%371%196%563%602%536%134%877%355%425%671%974%902%254%686%538%86%357%214%609%799%113%492%794%784%87%767%988%908%954%597%27%627%301%515%409%478%383%406%334%305%366%909%495%506%583%747%229%709%684%428%617%953%965%734%394%7%435%402%372%703%121%493%60%582%323%285%124%327%554%861%157%812%111%942%736%238%526%376%979%700%670%227%117%463%770%158%804%619%217%797%37%505%319%435%170%634%143%646%36%300%510%591%206%679%334%543%713%362%914%789%756%196%777%550%719%312%734%277%663%294%111%346%500%319%10%981%665%663%456%433%581%750%767%611%844%300%229%540%433%89%791%44%364%490%495%696%865%120%366%897%553%655%362%259%892%245%757%678%573%190%693%459%960%33%275%883%565%674%577%978%878%119%462%40%87%356%964%268%348%104%951%801%193%242%554%159%51%738%290%698%874%288%106%997%640%126%538%431%283%27%659%307%141%877%242%989%518%162%829%372%704%684%216%120%330%246%807%452%129%856%393%742%539%527%896%237%959%69%968%126%33%276%464%892%222%114%456%986%831%72%529%584%492%817%520%916%573%63%634%66%404%819%372%580%881%139%922%415%392%295%454%702%844%767%566%737%537%346%610%739%754%354%693%313%693%223%562%952%368%604%618%186%880%799%154%602%96%190%236%897%903%125%22%150%883%349%362%429%351%666%918%993%139%543%670%837%364%504%9%285%319%891%856%57%188%164%356%16%118%991%740%564%863%387%58%958%773%647%150%93%965%610%367%840%653%932%538%128%719%110%46%383%628%759%120%398%105%591%333%12%673%315%13%28%185%324%910%765%545%834%645%841%707%496%889%635%120%73%632%952%99%185%228%733%818%576%546%993%721%746%411%933%767%657%400%551%506%780%812%332%301%926%276%945%553%151%560%809%309%601%786%741%288%143%88%104%604%116%507%900%59%983%150%292%670%25%968%401%270%353%475%664%465%735%150%119%775%635%859%564%62%797%982%592%298%228%633%716%148%57%34%629%751%426%252%594%620%536%553%698%530%823%198%944%397%156%713%880%4%964%69%348%792%919%390%368%221%464%323%246%70%609%370%928%710%771%334%482%394%257%707%509%925%861%738%433%804%743%782%654%66%791%534%809%895%715%90%171%694%710%493%979%540%720%283%440%182%721%440%756%556%614%540%306%661%780%84%540%966%659%284%294%714%239%960%843%973%917%816%934%127%136%754%713%806%283%479%221%814%254%479%868%719%23%833%978%935%889%242%85%284%972%787%739%717%343%387%201%866%357%724%37%982%183%445%631%235%932%642%959%482%233%396%10%325%518%248%204%356%792%458%72%943%11%47%530%832%742%773%943%564%322%729%808%191%544%523%464%913%301%697%267%615%419%205%897%80%670%344%218%330%186%821%438%366%811%178%917%248%937%633%958%20%77%646%430%642%278%538%718%654%50%354%849%201%379%421%137%494%642%530%482%447%366%584%589%28%166%554%23%130%411%230%426%234%807%35%158%785%175%287%896%357%652%648%459%679%515%661%202%678%23%554%525%12%253%663%978%781%777%614%417%970%907%879%872%609%508%827%853%844%474%341%332%816%201%932%954%813%927%366%785%490%552%131%459%828%672%121%161%302%44%199%901%542%933%688%518%148%165%697%904%310%913%880%112%544%919%408%640%318%475%388%446%165%829%58%19%955%28%990%263%52%639%456%339%620%821%943%605%568%220%95%851%557%784%901%728%2%972%445%680%865%768%446%743%887%87%575%358%939%873%347%590%955%545%31%590%918%291%704%328%486%858%640%125%344%115%87%822%440%210%459%142%800%883%696%984%626%954%20%815%829%287%835%638%493%721%606%584%170%207%139%760%659%473%405%311%451%379%109%549%500%508%997%834%294%730%743%914%231%467%120%252%672%751%538%449%177%485%482%399%210%699%976%703%663%633%651%498%577%159%482%517%310%791%568%846%209%704%876%356%986%865%951%700%498%910%699%225%804%349%510%27%251%786%183%684%81%172%31%685%723%928%114%850%623%934%304%907%8%236%144%882%662%459%236%193%374%50%514%586%919%119%150%340%587%43%602%954%745%278%57%771%225%380%48%412%774%617%162%401%849%507%932%916%193%50%906%953%673%13%988%820%886%205%703%407%395%409%538%391%423%961%91%968%774%39%91%154%670%67%70%765%955%769%522%797%556%839%43%641%192%233%514%145%707%740%899%538%390%57%667%821%326%711%523%928%653%393%553%478%146%184%426%114%273%747%551%28%867%742%975%72%688%738%236%164%771%222%773%583%149%867%270%676%424%454%458%598%885%26%331%664%476%217%157%128%210%962%471%866%140%486%533%237%482%109%625%800%379%404%449%263%71%103%347%959%918%751%212%490%220%357%609%836%694%719%260%565%256%576%71%762%68%776%860%565%282%561%234%526%628%742%382%754%468%921%474%256%438%889%608%153%138%50%619%206%79%94%882%719%973%785%267%112%244%126%508%942%410%671%713%739%489%349%132%923%206%390%415%770%451%695%114%873%139%624%739%99%789%390%61%997%422%913%557%985%866%384%323%87%130%831%380%786%72%206%478%253%813%409%866%543%409%851%184%173%501%325%25%993%407%205%661%745%65%731%973%308%267%586%979%690%229%223%620%13%313%695%484%351%339%847%592%146%260%773%436%772%213%872%628%206%984%567%196%172%353%245%577%843%14%656%350%696%93%86%84%838%416%799%974%598%28%295%520%238%783%506%37%342%706%189%378%387%940%79%488%827%820%923%663%454%368%229%890%20%528%772%602%942%812%508%250%472%379%781%943%875%49%213%572%968%323%723%470%36%289%396%797%974%600%778%144%613%296%645%746%466%131%25%473%540%581%329%947%353%490%448%426%765%221%462%685%582%87%383%915%79%858%575%386%507%690%306%591%384%395%366%605%391%674%993%778%342%469%207%4%349%226%668%372%467%212%568%33%424%69%179%426%168%520%724%512%68%812%64%127%294%91%644%849%915%305%579%897%479%601%195%870%403%283%719%158%855%766%304%445%97%595%380%791%859%809%815%785%872%530%427%109%350%216%987%489%200%369%194%232%938%702%886%48%248%106%180%928%179%241%228%660%542%867%108%891%96%938%384%319%647%499%92%887%50%138%8%422%555%670%430%163%580%805%736%884%488%453%184%45%395%684%286%292%281%514%596%382%130%982%913%42%471%470%729%616%974%461%124%568%875%755%839%168%308%439%172%944%798%728%338%126%236%706%152%449%99%457%897%92%736%943%134%920%394%41%777%922%487%611%341%845%696%488%742%639%400%635%607%553%651

7.Could you combine following two list into one? for intance [1,2,3]  [4,5,6] => [1,2,3,4,5,6]a = [345,3,4325,,432] b = [343,6534,7,87,3654,654]

8.Could you sort the following list by the length of each element?[fdasf,feqff,feqwfag,hterr,rqdcc,qfergr4gewgergegr,cxvbvdgfbfbgferbdf,dfeqegreh45tbebtr,r34rfet4537resffy,fdasf,feqff,feqwfag,hterr,rqdcc,qfergr4gewgergegr,cxvbvdgfbfbgferbdf,dfeqegreh45tbebtr,r34rfet4537resffy,fdasf,feqff,feqwfag,hterr,rqdcc,qfergr4gewgergegr,cxvbvdgfbfbgferbdf,dfeqegreh45tbebtr,r34rfet4537resffy,fdasf,feqff,feqwfag,hterr,rqdcc,qfergr4gewgergegr,cxvbvdgfbfbgferbdf,dfeqegreh45tbebtr,r34rfet4537resffy,fdasf,feqff,feqwfag,hterr,rqdcc,qfergr4gewgergegr,cxvbvdgfbfbgferbdf,dfeqegreh45tbebtr,r34rfet4537resffy,fdasf,feqff,feqwfag,hterr,rqdcc,qfergr4gewgergegr,cxvbvdgfbfbgferbdf,dfeqegreh45tbebtr,r34rfet4537resffy,fdasf,feqff,feqwfag,hterr,rqdcc,qfergr4gewgergegr,cxvbvdgfbfbgferbdf,dfeqegreh45tbebtr,r34rfet4537resffy,fdasf,feqff,feqwfag,hterr,rqdcc,qfergr4gewgergegr,cxvbvdgfbfbgferbdf,dfeqegreh45tbebtr,r34rfet4537resffy,fdasf,feqff,feqwfag,hterr,rqdcc,qfergr4gewgergegr,cxvbvdgfbfbgferbdf,dfeqegreh45tbebtr,r34rfet4537resffy,fdasf,feqff,feqwfag,hterr,rqdcc,qfergr4gewgergegr,cxvbvdgfbfbgferbdf,dfeqegreh45tbebtr,r34rfet4537resffy,fdasf,feqff,feqwfag,hterr,rqdcc,qfergr4gewgergegr,cxvbvdgfbfbgferbdf,dfeqegreh45tbebtr,r34rfet4537resffy,fdasf,feqff,feqwfag,hterr,rqdcc,qfergr4gewgergegr,cxvbvdgfbfbgferbdf,dfeqegreh45tbebtr,r34rfet4537resffy,fdasf,feqff,feqwfag,hterr,rqdcc,qfergr4gewgergegr,cxvbvdgfbfbgferbdf,dfeqegreh45tbebtr,r34rfet4537resffy,fdasf,feqff,feqwfag,hterr,rqdcc,qfergr4gewgergegr,cxvbvdgfbfbgferbdf,dfeqegreh45tbebtr,r34rfet4537resffy,fdasf,feqff,feqwfag,hterr,rqdcc,qfergr4gewgergegr,cxvbvdgfbfbgferbdf,dfeqegreh45tbebtr,r34rfet4537resffy,fdasf,feqff,feqwfag,hterr,rqdcc,qfergr4gewgergegr,cxvbvdgfbfbgferbdf,dfeqegreh45tbebtr,r34rfet4537resffy,fdasf,feqff,feqwfag,hterr,rqdcc,qfergr4gewgergegr,cxvbvdgfbfbgferbdf,dfeqegreh45tbebtr,r34rfet4537resffy,fdasf,feqff,feqwfag,hterr,rqdcc,qfergr4gewgergegr,cxvbvdgfbfbgferbdf,dfeqegreh45tbebtr,r34rfet4537resffy,fdasf,feqff,feqwfag,hterr,rqdcc,qfergr4gewgergegr,cxvbvdgfbfbgferbdf,dfeqegreh45tbebtr,r34rfet4537resffy,fdasf,feqff,feqwfag,hterr,rqdcc,qfergr4gewgergegr,cxvbvdgfbfbgferbdf,dfeqegreh45tbebtr,r34rfet4537resffy,fdasf,feqff,feqwfag,hterr,rqdcc,qfergr4gewgergegr,cxvbvdgfbfbgferbdf,dfeqegreh45tbebtr,r34rfet4537resffy,fdasf,feqff,feqwfag,hterr,rqdcc,qfergr4gewgergegr,cxvbvdgfbfbgferbdf,dfeqegreh45tbebtr,r34rfet4537resffy,fdasf,feqff,feqwfag,hterr,rqdcc,qfergr4gewgergegr,cxvbvdgfbfbgferbdf,dfeqegreh45tbebtr,r34rfet4537resffy,fdasf,feqff,feqwfag,hterr,rqdcc,qfergr4gewgergegr,cxvbvdgfbfbgferbdf,dfeqegreh45tbebtr,r34rfet4537resffy,fdasf,feqff,feqwfag,hterr,rqdcc,qfergr4gewgergegr,cxvbvdgfbfbgferbdf,dfeqegreh45tbebtr,r34rfet4537resffy,fdasf,feqff,feqwfag,hterr,rqdcc,qfergr4gewgergegr,cxvbvdgfbfbgferbdf,dfeqegreh45tbebtr,r34rfet4537resffy,fdasf,feqff,feqwfag,hterr,rqdcc,qfergr4gewgergegr,cxvbvdgfbfbgferbdf,dfeqegreh45tbebtr,r34rfet4537resffy,fdasf,feqff,feqwfag,hterr,rqdcc,qfergr4gewgergegr,cxvbvdgfbfbgferbdf,dfeqegreh45tbebtr,r34rfet4537resffy,fdasf,feqff,feqwfag,hterr,rqdcc,qfergr4gewgergegr,cxvbvdgfbfbgferbdf,dfeqegreh45tbebtr,r34rfet4537resffy,fdasf,feqff,feqwfag,hterr,rqdcc,qfergr4gewgergegr,cxvbvdgfbfbgferbdf,dfeqegreh45tbebtr,r34rfet4537resffy,fdasf,feqff,feqwfag,hterr,rqdcc,qfergr4gewgergegr,cxvbvdgfbfbgferbdf,dfeqegreh45tbebtr,r34rfet4537resffy,fdasf,feqff,feqwfag,hterr,rqdcc,qfergr4gewgergegr,cxvbvdgfbfbgferbdf,dfeqegreh45tbebtr,r34rfet4537resffy,fdasf,feqff,feqwfag,hterr,rqdcc,qfergr4gewgergegr,cxvbvdgfbfbgferbdf,dfeqegreh45tbebtr,r34rfet4537resffy,fdasf,feqff,feqwfag,hterr,rqdcc,qfergr4gewgergegr,cxvbvdgfbfbgferbdf,dfeqegreh45tbebtr,r34rfet4537resffy,fdasf,feqff,feqwfag,hterr,rqdcc,qfergr4gewgergegr,cxvbvdgfbfbgferbdf,dfeqegreh45tbebtr,r34rfet4537resffy,fdasf,feqff,feqwfag,hterr,rqdcc,qfergr4gewgergegr,cxvbvdgfbfbgferbdf,dfeqegreh45tbebtr,r34rfet4537resffy,fdasf,feqff,feqwfag,hterr,rqdcc,qfergr4gewgergegr,cxvbvdgfbfbgferbdf,dfeqegreh45tbebtr,r34rfet4537resffy,fdasf,feqff,feqwfag,hterr,rqdcc,qfergr4gewgergegr,cxvbvdgfbfbgferbdf,dfeqegreh45tbebtr,r34rfet4537resffy,fdasf,feqff,feqwfag,hterr,rqdcc,qfergr4gewgergegr,cxvbvdgfbfbgferbdf,dfeqegreh45tbebtr,r34rfet4537resffy,fdasf,feqff,feqwfag,hterr,rqdcc,qfergr4gewgergegr,cxvbvdgfbfbgferbdf,dfeqegreh45tbebtr,r34rfet4537resffy,fdasf,feqff,feqwfag,hterr,rqdcc,qfergr4gewgergegr,cxvbvdgfbfbgferbdf,dfeqegreh45tbebtr,r34rfet4537resffy,fdasf,feqff,feqwfag,hterr,rqdcc,qfergr4gewgergegr,cxvbvdgfbfbgferbdf,dfeqegreh45tbebtr,r34rfet4537resffy,fdasf,feqff,feqwfag,hterr,rqdcc,qfergr4gewgergegr,cxvbvdgfbfbgferbdf,dfeqegreh45tbebtr,r34rfet4537resffy,fdasf,feqff,feqwfag,hterr,rqdcc,qfergr4gewgergegr,cxvbvdgfbfbgferbdf,dfeqegreh45tbebtr,r34rfet4537resffy,fdasf,feqff,feqwfag,hterr,rqdcc,qfergr4gewgergegr,cxvbvdgfbfbgferbdf,dfeqegreh45tbebtr,r34rfet4537resffy,fdasf,feqff,feqwfag,hterr,rqdcc,qfergr4gewgergegr,cxvbvdgfbfbgferbdf,dfeqegreh45tbebtr,r34rfet4537resffy,fdasf,feqff,feqwfag,hterr,rqdcc,qfergr4gewgergegr,cxvbvdgfbfbgferbdf,dfeqegreh45tbebtr,r34rfet4537resffy,fdasf,feqff,feqwfag,hterr,rqdcc,qfergr4gewgergegr,cxvbvdgfbfbgferbdf,dfeqegreh45tbebtr,r34rfet4537resffy,fdasf,feqff,feqwfag,hterr,rqdcc,qfergr4gewgergegr,cxvbvdgfbfbgferbdf,dfeqegreh45tbebtr,r34rfet4537resffy,fdasf,feqff,feqwfag,hterr,rqdcc,qfergr4gewgergegr,cxvbvdgfbfbgferbdf,dfeqegreh45tbebtr,r34rfet4537resffy,fdasf,feqff,feqwfag,hterr,rqdcc,qfergr4gewgergegr,cxvbvdgfbfbgferbdf,dfeqegreh45tbebtr,r34rfet4537resffy,fdasf,feqff,feqwfag,hterr,rqdcc,qfergr4gewgergegr,cxvbvdgfbfbgferbdf,dfeqegreh45tbebtr,r34rfet4537resffy,fdasf,feqff,feqwfag,hterr,rqdcc,qfergr4gewgergegr,cxvbvdgfbfbgferbdf,dfeqegreh45tbebtr,r34rfet4537resffy,fdasf,feqff,feqwfag,hterr,rqdcc,qfergr4gewgergegr,cxvbvdgfbfbgferbdf,dfeqegreh45tbebtr,r34rfet4537resffy,fdasf,feqff,feqwfag,hterr,rqdcc,qfergr4gewgergegr,cxvbvdgfbfbgferbdf,dfeqegreh45tbebtr,r34rfet4537resffy,fdasf,feqff,feqwfag,hterr,rqdcc,qfergr4gewgergegr,cxvbvdgfbfbgferbdf,dfeqegreh45tbebtr,r34rfet4537resffy,fdasf,feqff,feqwfag,hterr,rqdcc,qfergr4gewgergegr,cxvbvdgfbfbgferbdf,dfeqegreh45tbebtr,r34rfet4537resffy,fdasf,feqff,feqwfag,hterr,rqdcc,qfergr4gewgergegr,cxvbvdgfbfbgferbdf,dfeqegreh45tbebtr,r34rfet4537resffy,fdasf,feqff,feqwfag,hterr,rqdcc,qfergr4gewgergegr,cxvbvdgfbfbgferbdf,dfeqegreh45tbebtr,r34rfet4537resffy,fdasf,feqff,feqwfag,hterr,rqdcc,qfergr4gewgergegr,cxvbvdgfbfbgferbdf,dfeqegreh45tbebtr,r34rfet4537resffy,fdasf,feqff,feqwfag,hterr,rqdcc,qfergr4gewgergegr,cxvbvdgfbfbgferbdf,dfeqegreh45tbebtr,r34rfet4537resffy,fdasf,feqff,feqwfag,hterr,rqdcc,qfergr4gewgergegr,cxvbvdgfbfbgferbdf,dfeqegreh45tbebtr,r34rfet4537resffy,fdasf,feqff,feqwfag,hterr,rqdcc,qfergr4gewgergegr,cxvbvdgfbfbgferbdf,dfeqegreh45tbebtr,r34rfet4537resffy,fdasf,feqff,feqwfag,hterr,rqdcc,qfergr4gewgergegr,cxvbvdgfbfbgferbdf,dfeqegreh45tbebtr,r34rfet4537resffy,fdasf,feqff,feqwfag,hterr,rqdcc,qfergr4gewgergegr,cxvbvdgfbfbgferbdf,dfeqegreh45tbebtr,r34rfet4537resffy,fdasf,feqff,feqwfag,hterr,rqdcc,qfergr4gewgergegr,cxvbvdgfbfbgferbdf,dfeqegreh45tbebtr,r34rfet4537resffy,fdasf,feqff,feqwfag,hterr,rqdcc,qfergr4gewgergegr,cxvbvdgfbfbgferbdf,dfeqegreh45tbebtr,r34rfet4537resffy,fdasf,feqff,feqwfag,hterr,rqdcc,qfergr4gewgergegr,cxvbvdgfbfbgferbdf,dfeqegreh45tbebtr,r34rfet4537resffy,fdasf,feqff,feqwfag,hterr,rqdcc,qfergr4gewgergegr,cxvbvdgfbfbgferbdf,dfeqegreh45tbebtr,r34rfet4537resffy,fdasf,feqff,feqwfag,hterr,rqdcc,qfergr4gewgergegr,cxvbvdgfbfbgferbdf,dfeqegreh45tbebtr,r34rfet4537resffy,fdasf,feqff,feqwfag,hterr,rqdcc,qfergr4gewgergegr,cxvbvdgfbfbgferbdf,dfeqegreh45tbebtr,r34rfet4537resffy,fdasf,feqff,feqwfag,hterr,rqdcc,qfergr4gewgergegr,cxvbvdgfbfbgferbdf,dfeqegreh45tbebtr,r34rfet4537resffy,fdasf,feqff,feqwfag,hterr,rqdcc,qfergr4gewgergegr,cxvbvdgfbfbgferbdf,dfeqegreh45tbebtr,r34rfet4537resffy,fdasf,feqff,feqwfag,hterr,rqdcc,qfergr4gewgergegr,cxvbvdgfbfbgferbdf,dfeqegreh45tbebtr,r34rfet4537resffy,fdasf,feqff,feqwfag,hterr,rqdcc,qfergr4gewgergegr,cxvbvdgfbfbgferbdf,dfeqegreh45tbebtr,r34rfet4537resffy,fdasf,feqff,feqwfag,hterr,rqdcc,qfergr4gewgergegr,cxvbvdgfbfbgferbdf,dfeqegreh45tbebtr,r34rfet4537resffy,fdasf,feqff,feqwfag,hterr,rqdcc,qfergr4gewgergegr,cxvbvdgfbfbgferbdf,dfeqegreh45tbebtr,r34rfet4537resffy,fdasf,feqff,feqwfag,hterr,rqdcc,qfergr4gewgergegr,cxvbvdgfbfbgferbdf,dfeqegreh45tbebtr,r34rfet4537resffy,fdasf,feqff,feqwfag,hterr,rqdcc,qfergr4gewgergegr,cxvbvdgfbfbgferbdf,dfeqegreh45tbebtr,r34rfet4537resffy,fdasf,feqff,feqwfag,hterr,rqdcc,qfergr4gewgergegr,cxvbvdgfbfbgferbdf,dfeqegreh45tbebtr,r34rfet4537resffy,fdasf,feqff,feqwfag,hterr,rqdcc,qfergr4gewgergegr,cxvbvdgfbfbgferbdf,dfeqegreh45tbebtr,r34rfet4537resffy,fdasf,feqff,feqwfag,hterr,rqdcc,qfergr4gewgergegr,cxvbvdgfbfbgferbdf,dfeqegreh45tbebtr,r34rfet4537resffy,fdasf,feqff,feqwfag,hterr,rqdcc,qfergr4gewgergegr,cxvbvdgfbfbgferbdf,dfeqegreh45tbebtr,r34rfet4537resffy,fdasf,feqff,feqwfag,hterr,rqdcc,qfergr4gewgergegr,cxvbvdgfbfbgferbdf,dfeqegreh45tbebtr,r34rfet4537resffy,fdasf,feqff,feqwfag,hterr,rqdcc,qfergr4gewgergegr,cxvbvdgfbfbgferbdf,dfeqegreh45tbebtr,r34rfet4537resffy,fdasf,feqff,feqwfag,hterr,rqdcc,qfergr4gewgergegr,cxvbvdgfbfbgferbdf,dfeqegreh45tbebtr,r34rfet4537resffy,fdasf,feqff,feqwfag,hterr,rqdcc,qfergr4gewgergegr,cxvbvdgfbfbgferbdf,dfeqegreh45tbebtr,r34rfet4537resffy,fdasf,feqff,feqwfag,hterr,rqdcc,qfergr4gewgergegr,cxvbvdgfbfbgferbdf,dfeqegreh45tbebtr,r34rfet4537resffy,fdasf,feqff,feqwfag,hterr,rqdcc,qfergr4gewgergegr,cxvbvdgfbfbgferbdf,dfeqegreh45tbebtr,r34rfet4537resffy,fdasf,feqff,feqwfag,hterr,rqdcc,qfergr4gewgergegr,cxvbvdgfbfbgferbdf,dfeqegreh45tbebtr,r34rfet4537resffy,fdasf,feqff,feqwfag,hterr,rqdcc,qfergr4gewgergegr,cxvbvdgfbfbgferbdf,dfeqegreh45tbebtr,r34rfet4537resffy,fdasf,feqff,feqwfag,hterr,rqdcc,qfergr4gewgergegr,cxvbvdgfbfbgferbdf,dfeqegreh45tbebtr,r34rfet4537resffy,fdasf,feqff,feqwfag,hterr,rqdcc,qfergr4gewgergegr,cxvbvdgfbfbgferbdf,dfeqegreh45tbebtr,r34rfet4537resffy,fdasf,feqff,feqwfag,hterr,rqdcc,qfergr4gewgergegr,cxvbvdgfbfbgferbdf,dfeqegreh45tbebtr,r34rfet4537resffy,fdasf,feqff,feqwfag,hterr,rqdcc,qfergr4gewgergegr,cxvbvdgfbfbgferbdf,dfeqegreh45tbebtr,r34rfet4537resffy,fdasf,feqff,feqwfag,hterr,rqdcc,qfergr4gewgergegr,cxvbvdgfbfbgferbdf,dfeqegreh45tbebtr,r34rfet4537resffy,fdasf,feqff,feqwfag,hterr,rqdcc,qfergr4gewgergegr,cxvbvdgfbfbgferbdf,dfeqegreh45tbebtr,r34rfet4537resffy,fdasf,feqff,feqwfag,hterr,rqdcc,qfergr4gewgergegr,cxvbvdgfbfbgferbdf,dfeqegreh45tbebtr,r34rfet4537resffy,fdasf,feqff,feqwfag,hterr,rqdcc,qfergr4gewgergegr,cxvbvdgfbfbgferbdf,dfeqegreh45tbebtr,r34rfet4537resffy,fdasf,feqff,feqwfag,hterr,rqdcc,qfergr4gewgergegr,cxvbvdgfbfbgferbdf,dfeqegreh45tbebtr,r34rfet4537resffy]

