'''
 This is the test for Hugo python ability. Test hour: 1 hour
 Author/Teacher: Jack Shi 
 Date: Sat Aug 20 20:08:03 2022 
 Student:Hugo
 
Note: 
    1. Student should do the test by him/herself
    2. Student can browse the python syntax from website
    3. Student MUST sumbit the answer when time is up
     '''



1.Please remove all of the element can be divided by 2,3,4,5 in the following list
my_list = [i for i in range(2342,32455)]


2.add all number from 1 to 1000 and then remove all number can be devided by 3 and append all number can be devided by 7 in the range of 1001 ~ 2000


3. could you please print out the same element in the following 2 list
[290,851,141,260,293,673,233,886,721,749,149,474,305,286,463,918,703,353,97,125,181,700,553,588,760,386,868,787,413,569,755,663,55,499,55,192,939,472,563,695,330,800,172,576,236,210,319,397,598,760,50,24,263,168,339,292,36,403,152,101,796,771,702,905,229,245,520,969,94,480,301,792,870,939,803,364,711,138,625,815,864,827,661,571,302,645,840,254,409,880,674,674,391,709,782,561,739,404,901,567,627,124,882,918,914,420,623,618,303,466,302,825,978,553,601,259,232,579,577,312,182,414,531,532,949,171,709,410,216,134,787,719,153,542,586,241,425,870,338,727,548,313,859,301,341,546,884,199,964,267,917,364,336,268,322,753,980,243,9,84,152,334,566,606,781,613,812,282,659,161,422,586,593,700,815,976,705,920,855,920,392,154,713,573,662,512,760,916,226,859,970,985,557,344,825,645,352,615,908,903,155,885,789,949,815,573,38,984,441,960,459,755,954,246,741,241,968,506,972,121,575,415,758,945,514,233,822,801,56,964,548,149,418,230,612,822,967,264,46,714,466,93,902,442,306,838,506,733,731,697,792,711,644,656,902,222,928,977,71,418,754,788,343,738,661,736,967,768,205,124,941,112,393,904,331,247,364,483,212,383,218,132,471,522,317,366,153,101,128,290,291,779,784,75,292,641,822,61,6,451,924,358,286,458,515,589,85,253,38,390,427,210,148,205,881,74,88,434,3,339,282,749,628,535,230,137,167,51,442,198,679,91,9,866,988,390,784,687,999,165,738,693,358,132,670,619,197,583,14,577,538,686,276,647,327,268,482,121,857,345,225,85,231,361,652,903,468,601,591,553,991,548,63,157,971,709,241,31,270,686,715,28,19,188,496,630,516,369,228,127,178,377,762,416,67,964,854,484,593,710,185,217,910,385,806,797,737,457,460,472,745,44,858,742,397,886,882,923,897,355,676,242,851,674,346,526,831,818,108,132,151,468,3,158,300,287,661,486,19,455,943,337,927,178,498,547,460,255,512,452,712,776,726,800,199,668,561,559,192,31,714,805,978,396,537,217,124,732,620,249,810,337,419,247,115,512,514,580,268,628,709,522,722,241,662,520,398,538,874,476,769,967,340,106,307,228,477,434,123,491,44,169,219,212,371,866,504,103,118,653,197,139,16,657,991,523,865,31,623,321,496,612,99,614,813,928,153,44,824,911,597,380,297,258,359,410,70,661,345,199,929,215,143,276,254,611,19,366,222,149,10,336,647,666,39,57,258,835,720,977,964,347,102,448,186,999,830,301,140,997,979,656,265,27,515,962,849,213,102,386,783,231,532,17,8,570,259,377,277,825,414,593,485,507,473,119,904,901,990,330,76,658,254,56,965,93,117,541,323,496,843,505,431,302,474,296,805,379,196,302,403,114,693,790,940,461,277,23,192,773,400,765,150,391,852,295,460,52,824,690,6,872,171,302,213,771,276,298,368,154,391,498,103,251,166,221,299,548,128,201,743,152,361,266,974,302,752,301,395,371,806,44,710,156,942,130,97,160,709,803,199,614,518,665,657,942,825,151,493,808,678,13,784,27,204,248,972,583,423,710,53,961,399,443,165,440,924,929,311,474,759,736,620,776,798,169,346,646,361,717,368,594,182,411,469,644,183,199,225,726,956,210,275,239,36,88,544,887,688,406,542,9,558,272,20,496,893,872,147,707,776,691,471,701,109,846,785,773,994,517,212,180,215,291,960,80,669,780,48,924,889,722,705,203,7,54,418,76,868,190,151,713,352,357,180,957,53,730,896,192,676,140,653,616,869,343,109,767,647,216,973,454,47,205,683,352,699,354,839,592,678,430,517,985,327,886,105,577,557,230,497,263,76,958,416,711,243,929,780,684,15,327,809,578,387,177,886,473,822,33,302,339,997,952,291,639,557,641,780,988,962,538,275,587,466,23,171,815,413,837,810,118,542,27,197,455,148,920,361,475,270,48,689,963,928,14,414,223,15,653,604,452,79,607,870,572,813,416,503,875,759,986,329,81,9,406,607,636,794,317,452,403,331,31,310,571,23,760,555,664,732,126,912,491,589,573,210,475,191,972,708,359,217,317,894,814,533,109,241,74,491,709,745,633,724,457,311,866,332,619,123,464,510,29,494,581,491,913,52,397,159,881,540,505,212,377,34,877,721,237,988,921,355,250,894,945,854,330,660,305,425,329,848,909,301,874,414,640,743,413,754,494,701,369,562,650,162,157,870,767,799,572,594,45,217,155,240,338,935,925,266,864,317,652,645,875,476,231,484,171,359,456,610,409,460,390,468,260,714,34,514,15,443,513,236,613,254,635,403,100,895,778,631,278,210,972,11,316,212,578,733,24,187,883,430,412,247,159,352,657,410,309,501,697,626,114,224,869,812,843,384,62,382,281,885,682,843,712,934,46,864,448,124,53,285,927,508,983,51,414,234,421,905,235,516,197,312,67,101,717,292,467,303,338,229,654,691,468,8,880,43,702,704,416,853,310,159,286,743,400,649,437,837,863,708,126,333,994,381,340,29,80,442,485,975,612,426,170,499,151,531,792,993,86,748,589,351,150,356,595,313,967,923,899,917,242,846,37,442,673,155,272,291,841,824,131,288,31,208,968,888,219,974,516,436,182,888,665,944,420,20,800,420,222,481,981,856,757,568,940,542,441,554,868,156,851,247,47,637,23,943,737,350,30,334,152,759,503,366,961,66,439,962,802,620,245,494,818,490,578,963,579,939,944,65,338,968,526,149,122,28,544,712,994,53,616,271,807,324,630,35,18,852,988,662,841,416,28,382,834,638,906,896,319,496,833,738,810,843,632,907,698,758,596,461,519,350,257,802,44,118,199,699,496,180,768,730,932,101,349,588,70,841,183,788,994,691,796,928,599,289,148,438,527,134,307,295,132,18,244,391,177,200,910,996,438,565,49,818,269,85,50,429,717,94,291,789,233,640,445,367,233,481,930,391,689,881,66,659,670,679,108,155,306,130,870,554,901,971,113,75,561,800,256,960,579,537,718,599,714,673,248,272,188,861,688,969,736,33,896,683,939,500,285,98,400,640,595,500,156,869,457,790,704,105,372,531,524,932,372,583,724,714,309,644,806,99,591,679,143,521,421,726,967,505,421,321,204,206,560,270,40,453,612,983,234,798,535,835,902,992,759,556,865,233,679,516,789,984,58,136,842,500,331,63,92,859,340,980,622,934,259,773,993,210,406,403,205,862,841,634,690,51,907,543,908,542,649,968,216,72,243,750,175,808,110,817,406,553,892,198,490,641,170,119,129,275,470,611,965,7,878,119,17,876,546,941,597,646,362,898,209,603,209,155,443,566,310,333,352,576,604,597,958,25,314,965,922,105,228,833,974,838,963,264,747,108,227,403,273,665,122,936,853,200,3,720,865,659,149,90,44,549,615,781,934,407,998,668,924,539,361,523,536,713,503,660,424,888,837,268,726,14,736,331,250,932,754,327,770,674,486,443,967,871,95,117,854,85,712,658,544,84,895,215,865,381,85,362,470,455,472,124,667,585,998,583,422,220,720,2,918,782,147,464,336,921,231,180,661,972,247,1000,978,584,477,685,405,231,856,29,806,108,755,986,926,962,416,392,354,833,866,185,182,739,451,189,407,296,511,193,179,453,300,206,635,544,289,152,494,611,121,648,673,822,206,136,673,389,520,219,246,957,514,773,273,484,35,124,203,980,866,860,695,27,544,321,818,244,260,450,156,441,631,89,520,372,679,211,92,519,175,297,595,626,522,408,576,209,998,345,973,748,185,102,601,205,978,471,522,209,92,213,445,297,656,304,663,625,565,537,550,825,311,340,430,831,180,413,243,732,170,242,658,516,247,381,292,546,249,172,284,370,758,535,838,164,460,130,937,566,932,380,770,691,789,594,701,110,733,4,540,997,643,136,373,746,264,381,121,780,815,541,139,862,918,975,917,146,316,676,789,929,27,962,168,124,641,958,33,434,964,517,951,535,279,314,95,321,611,613,107,489,514,770,441,927,333,667,703,382,104,609,441,410,753,264,160,685,730,757,215,356,497,836,802,510,988,280,980,230,147,828,480,704,481,990,378,384,988,564,297,499,850,320,449,954,749,289,878,961,357,226,817,172,366,839,962,44,395,288,191,971,210,411,336,719,759,100,149,446,436,846,802,109,319,242,340,559,848,218,944,757,221,762,343,723,595,934,714,666,328,608,303,386,530,455,73,307,754,714,556,851,696,292,647,660,550,340,999,657,452,834,787,435,912,873,147,669,151,307,122,187,650,279,20,445,856,719,895,110,354,762,240,811,104,891,339,603,317,325,62,694,158,559,880,456,573,370,734,884,768,915,524,605,894,513,399,93,120,362,622,971,953,187,825,825,679,202,58,19,267,526,417,795,710,759,220,952,708,822,309,94,442,508,880,131,226,637,224,426,504,106,352,838,524,165,746,741,261,649,580,691,967,528,932,783,491,676,847,927,103,60,757,465,474,419,130,101,602,149,723,658,389,799,115,608,986,165]


[1000,38,235,143,827,63,21,590,211,642,435,491,442,853,523,395,363,381,501,884,826,788,601,50,981,382,508,189,231,667,295,696,411,670,880,2,969,424,373,710,511,881,271,480,623,420,174,16,405,874,333,43,324,120,797,650,469,251,534,225,905,796,959,733,704,655,654,701,790,848,152,833,352,486,767,992,71,60,366,116,834,675,940,580,877,633,74,161,381,977,203,702,257,827,768,842,590,690,389,316,189,451,267,55,447,534,504,930,705,135,839,48,998,774,934,383,217,169,529,370,672,379,669,178,136,460,313,704,592,678,204,968,574,449,793,386,304,969,288,120,961,918,582,53,973,675,691,737,907,978,978,673,441,573,472,909,553,277,377,63,161,647,668,593,159,812,472,28,989,936,681,665,507,345,891,912,160,198,995,312,220,872,173,140,565,820,370,349,454,35,439,953,352,993,759,242,97,798,611,816,162,10,352,394,992,682,860,769,64,5,389,581,608,872,95,427,623,620,905,219,932,498,648,871,263,620,836,6,963,122,608,322,415,111,167,119,148,367,743,607,900,506,545,649,760,899,489,478,666,885,557,912,197,682,749,690,196,725,727,613,29,79,289,833,267,9,941,757,639,580,615,930,885,519,258,317,844,677,113,541,58,319,677,423,540,915,342,13,330,989,65,405,912,743,165,346,380,773,32,266,672,398,260,288,115,394,275,503,798,61,645,392,644,286,264,852,42,983,506,982,302,9,835,837,966,820,243,435,265,656,24,687,417,170,164,833,26,296,752,394,919,620,417,587,677,247,14,973,398,675,871,667,388,433,556,299,456,418,850,345,813,971,609,868,86,376,985,517,994,74,887,563,867,465,325,209,838,461,101,886,193,506,924,497,955,336,814,850,88,946,414,866,325,532,166,818,899,420,599,456,688,93,824,715,83,83,237,829,160,515,791,468,161,98,229,48,348,724,179,808,593,960,686,644,73,886,179,265,59,592,310,209,189,740,758,739,839,400,46,718,210,309,427,170,285,914,923,706,832,516,942,980,389,184,261,800,444,887,22,538,612,973,104,497,209,189,637,621,879,639,311,376,521,34,225,164,170,692,79,427,297,252,985,391,245,66,346,400,293,843,893,238,480,286,948,328,407,499,248,513,997,941,324,16,107,941,20,311,738,793,953,301,573,800,922,658,39,170,44,891,869,12,460,407,584,674,237,449,565,438,402,706,980,649,715,792,822,307,796,71,192,545,30,410,568,635,928,475,77,841,609,391,534,690,689,272,994,977,421,92,569,288,421,784,964,834,822,704,741,545,663,896,334,781,297,131,199,589,297,628,992,378,696,622,620,744,648,52,559,464,760,626,118,813,934,748,402,453,545,859,838,205,683,975,956,902,449,550,401,625,650,138,595,525,234,759,807,843,728,300,970,581,371,722,401,130,237,485,39,528,488,814,90,488,847,151,552,449,754,65,104,357,768,557,907,399,714,527,391,854,413,133,30,79,270,860,142,857,608,157,480,514,797,697,899,210,78,490,211,594,919,992,845,737,583,527,989,506,579,736,236,367,208,897,54,363,573,236,787,340,831,883,169,884,752,194,35,376,128,537,934,852,229,385,544,292,641,737,706,297,900,973,200,8,167,481,968,401,550,27,856,461,898,520,959,835,456,679,487,427,848,230,567,927,605,740,372,675,38,801,439,985,763,414,842,546,600,455,908,790,85,200,525,437,667,784,804,490,961,979,118,751,199,240,851,307,810,323,340,654,408,327,603,718,600,317,330,154,876,841,117,631,266,233,348,659,752,464,322,676,839,580,531,879,66,384,599,226,84,121,171,678,83,50,499,794,593,687,297,406,801,616,283,446,532,399,247,785,792,992,784,366,153,619,510,859,181,293,844,76,762,417,398,350,997,854,442,660,244,513,96,693,682,4,382,16,517,751,532,492,470,78,659,310,889,952,76,220,32,696,49,869,722,826,163,295,913,590,669,704,333,872,257,401,450,244,824,790,318,853,349,439,897,270,371,249,203,266,391,995,367,489,222,806,147,156,560,615,91,276,215,369,847,727,320,868,87,96,726,99,178,508,917,380,866,11,314,56,939,72,462,821,458,691,729,76,296,751,455,706,30,833,191,203,477,730,962,945,243,508,659,941,23,554,965,453,216,949,370,441,572,419,230,717,620,188,26,113,701,238,312,680,79,555,358,874,454,837,540,523,49,711,45,218,821,571,874,381,102,533,356,280,941,517,326,768,48,3,900,71,246,416,710,556,12,852,880,838,293,600,9,293,32,442,585,429,643,876,573,602,709,893,976,134,467,118,231,409,900,237,912,691,418,705,775,151,180,578,160,559,84,44,766,268,600,625,311,586,957,572,600,76,441,571,417,844,825,87,85,232,434,578,342,565,139,867,165,168,932,325,242,381,742,139,48,245,608,148,162,211,604,73,176,767,677,840,580,829,707,796,717,695,458,203,861,966,466,226,912,568,747,478,49,500,859,941,984,925,525,909,644,492,382,526,738,633,877,518,139,921,280,558,709,188,333,893,867,419,685,730,281,57,700,72,452,530,781,193,248,824,588,456,33,843,717,275,762,190,780,148,645,108,580,874,720,455,745,254,180,172,429,502,660,51,908,727,272,73,695,296,656,393,826,119,485,487,621,516,935,553,637,738,233,305,390,262,343,930,549,757,981,866,802,767,309,778,295,20,36,647,143,170,890,668,380,695,410,945,168,705,26,531,44,993,342,395,623,109,498,248,887,413,150,945,920,362,269,917,315,681,979,74,300,62,518,446,835,831,470,665,693,545,714,102,149,292,704,394,107,59,670,715,658,854,477,729,479,431,833,919,537,182,339,536,122,736,780,840,805,371,832,55,471,389,790,694,335,166,923,154,129,761,871,65,633,915,754,208,979,860,748,22,453,288,731,463,419,585,983,125,413,332,59,928,616,149,721,614,537,759,109,20,748,584,46,734,562,452,250,811,456,665,875,567,963,74,259,274,810,274,673,68,841,733,860,876,904,991,594,442,919,408,946,208,843,596,73,251,953,26,182,600,753,698,47,258,679,989,211,414,376,259,639,826,526,780,511,14,384,956,699,330,570,899,947,4,501,782,492,730,171,468,712,439,693,596,19,586,591,902,542,275,894,981,335,432,26,318,647,292,704,342,271,123,762,215,759,250,331,142,623,26,418,845,535,386,289,698,210,453,923,287,749,989,392,440,307,32,287,595,401,259,207,789,412,992,928,178,617,228,352,437,533,353,999,341,757,943,921,456,397,93,399,632,125,85,893,953,824,74,698,734,811,555,553,351,471,327,683,954,162,783,381,827,622,812,128,506,693,381,996,243,652,14,107,639,361,445,88,213,855,125,330,541,521,985,311,560,603,800,396,976,82,798,482,774,479,376,224,312,587,701,388,23,543,976,364,504,320,293,319,698,288,9,440,39,444,163,827,741,287,629,126,999,428,808,132,129,333,743,194,733,563,509,697,458,909,515,56,136,460,316,585,349,589,367,196,925,602,899,392,174,57,382,278,6,817,834,941,419,879,453,631,105,114,456,993,403,858,864,308,869,312,754,102,423,601,321,891,782,383,978,94,338,596,976,893,387,655,122,842,171,389,195,868,893,34,604,795,175,718,861,749,725,698,254,104,42,369,416,968,655,666,188,332,554,24,60,333,83,639,259,927,963,865,869,221,802,240,932,982,614,144,332,22,868,42,150,270,216,737,294,862,113,627,67,727,277,591,553,175,605,984,772,104,245,597,789,434,3,426,792,754,515,608,968,244,706,466,585,537,977,394,893,291,621,697,659,415,190,851,564,812,588,868,872,628,241,780,447,117,456,146,350,512,6,508,70,61,507,445,825,930,501,371,559,361,432,606,693,299,404,854,527,562,596,52,487,957,778,539,24,970,215,767,704,75,373,552,196,18,783,67,212,710,896,436,964,894,599,643,599,149,670,512,301,177,813,210,112,15,359,400,546,606,677,125,702,541,440,104,519,267,554,612,24,156,822,579,280,438,370,967,662,877,546,404,182,499,270,894,640,98,215,141,328,57,325,600,498,313,476,410,545,928,511,895,317,297,710,11,44,190,512,497,46,45,482,430,130,921,896,560,876,409,112,943,585,862,945,466,440,765,110,901,188,75,557,549,15,782,580,535,925,895,970,640,740,777,676,16,773,841,363,966,580,594,536,959,544,46,767,627,944,405,200,448,772,169,705,627,67,377,920,558,39,779,230,802,912,924,784,75,563,933,15,278,271,427,780,979,169,514,316,946,919,241,96,542,354,527,787,687,370,928,749,540,283,101,504,355,386,136,904,604,544,786,736,951,936,831,869,316,901,514,244,301,816,690,950,870,999,465,774,720,332,750,979,835,451,259,608,750,5,365,896,657,122,585,958,17,969,836,394,334,481,261,442,733,723,109,209,65,622,315,413,926,964,716,367,425,575,439,633,399,686,777,319,322,783,656,34,72,348,655,117,144,107,210,22,437,756,228,597,536,77,33,312,376,816,933,206,267,454,546,544,572,331,761]


4. get the maximum element in the list for instance in the list [1,2,3,4,5] 5 is the largest number in the list so the answer is 5
[597,264,134,505,255,43,518,218,485,467,217,783,595,317,434,460,545,378,608,686,307,744,487,248,698,499,482,156,319,243,528,551,681,396,119,544,556,489,252,344,100,159,37,244,293,740,54,162,581,74,732,53,484,276,457,584,329,626,122,543,783,685,295,491,121,736,93,391,612,261,707,610,150,505,25,451,714,342,419,39,33,743,763,471,377,288,552,360,89,669,133,535,546,237,739,764,268,131,519,33,35,462,131,128,643,499,603,435,637,724,376,538,232,365,246,335,285,1,572,217,662,121,81,318,242,46,222,770,66,692,734,371,574,164,397,216,80,182,301,448,28,215,142,372,268,415,313,33,596,298,409,660,401,770,607,577,335,17,423,137,60,310,74,606,390,73,643,36,590,642,778,394,257,697,392,672,327,6,147,235,451,362,101,195,143,381,133,623,202,145,151,741,378,239,40,175,178,698,178,408,529,103,390,633,350,537,305,457,732,109,328,604,421,117,340,281,548,35,395,394,639,340,602,647,597,43,161,290,90,299,721,96,347,141,644,645,346,668,666,730,175,654,337,309,715,574,382,185,356,95,54,236,774,475,778,263,424,493,52,29,427,517,343,738,271,639,708,444,363,442,615,67,251,710,706,539,671,766,90,427,82,770,485,703,749,151,298,764,121,760,499,170,198,419,746,310,218,453,290,72,255,599,129,534,42,70,608,590,338,738,257,403,4,474,529,627,162,468,740,266,115,125,393,582,458,621,176,86,283,501,358,66,703,552,647,671,85,662,313,646,193,749,278,705,448,706,286,264,739,271,443,654,769,182,148,425,738,672,570,472,573,274,438,512,333,673,646,487,496,111,438,262,729,36,130,457,214,385,323,747,763,339,422,328,34,150,767,394,114,457,252,467,123,358,281,585,313,386,353,351,15,577,643,597,508,464,312,509,599,212,14,83,776,595,242,532,397,185,114,40,651,104,477,359,225,670,320,642,242,706,621,320,469,622,509,152,242,274,528,599,559,678,257,28,550,515,377,614,30,753,190,327,345,447,514,256,285,323,722,422,572,90,180,86,513,457,666,744,416,455,580,274,332,387,56,432,635,236,204,642,649,327,595,310,728,441,592,124,153,491,702,366,193,17,34,72,238,42,691,647,175,680,80,768,361,392,129,592,660,161,54,363,448,340,557,146,477,744,714,129,239,464,113,336,158,346,444,426,195,451,641,353,191,671,574,410,233,318,550,569,646,155,518,162,241,305,45,301,597,26,105,189,67,252,666,406,325,562,754,749,635,105,569,635,778,258,598,712,727,601,51,214,192,614,435,295,138,507,461,374,460,772,227,90,338,259,343,129,169,636,299,597,35,63,9,521,583,98,602,658,101,771,432,376,515,632,289,109,57,780,690,543,713,764,620,588,435,439,307,576,630,252,618,225,561,455,760,594,275,655,579,265,81,580,567,305,528,291,3,745,194,145,611,324,721,617,773,40,180,381,742,325,26,337,722,511,503,559,778,287,416,487,623,432,615,220,530,583,476,631,440,571,614,183,655,635,222,210,759,499,409,214,207,575,144,96,706,84,16,296,131,461,491,248,646,486,534,702,710,562,201,205,4,563,566,107,319,399,602,260,729,418,105,541,238,219,423,125,176,65,198,572,705,226,410,93,382,256,318,98,777,348,227,327,623,625,241,27,701,405,446,417,564,199,231,192,625,402,598,37,708,12,554,157,484,201,549,406,315,205,468,647,355,291,632,532,107,101,259,554,193,255,296,602,473,15,302,767,125,751,67,722,239,557,388,498,81,338,266,465,221,507,603,276,22,774,554,304,348,342,320,504,190,731,229,283,782,248,199,472,88,739,242,300,153,144,357,177,554,143,525,115,509,259,181,580,353,266,516,14,546,579,560,633,71,716,504,30,142,162,346,4,43,354,421,21,729,692,247,172,399,729,456,239,166,779,257,98,156,683,461,514,661,31,96,83,279,280,3,536,204,116,566,568,167,13,177,257,113,343,582,734,69,763,773,375,639,316,328,754,281,246,590,300,388,739,388,500,416,550,306,14,67,616,569,250,759,438,574,280,535,185,345,710,460,210,65,751,686,654,714,722,758,93,366,459,571,116,394,386,311,107,719,388,431,230,260,741,749,293,729,78,396,453,439,136,489,143,704,349,701,281,417,476,289,775,767,69,566,648,580,513,128,622,753,518,263,599,161,695,539,464,20,29,584,472,67,42,305,268,724,682,309,733,430,381,681,256,501,22,273,222,576,25,89,255,383,89,525,730,711,465,659,495,91,663,589,589,324,164,42,346,763,527,127,131,199,602,400,35,308,579,448,550,503,88,191,332,442,142,400,199,487,208,748,50,310,175,623,663,300,123,728,550,281,243,650,689,478,748,581,55,27,505,765,554,715,55,516,660,190,627,712,360,62,100,634,268,599,287,397,563,346,372,722,678,693,611,344,508,503,493,751,645,733,469,286,626,628,192,664,749,84,619,209,179,588,459,387,646,415,186,759,296,426,537,597,309,3,461,574,157,246,47,557,391,584,119,770,498,636,351,383,419,609,387,93,724,288,202,648,531,136,254,51,396,389,292,139,257,289,34,135,281,774,727,659,14,82,178,255,64,258,743,14,617,732,608,71,349,249,646,229,335,478,495,495,69,16,733,523,571,388,453,763,353,778,561,731,450,45,633,356,631,678,365,32,705,493,270,469,401,82,677,89,89,277,493,647,393,444,12,349,247,757,75,198,163,233,246,50,407,551,710,616,273,161,130,72,488,480,668,533,177,538,668,66,10,239,142,103,420,127,722,194,219,659,284,553,45,84,631,303,251,1,546,514,355,332,475,577,695,405,701,675,774,192,542,54,118,675,200,313,692,623,572,205,699,291,551,365,614,765,628,446,79,582,431,181,403,291,234,396,53,466,732,643,217,15,321,164,156,166,506,275,778,127,164,181,574,731,1,755,747,729,258,274,112,90,662,220,356,738,582,53,454,198,149,122,712,352,637,511,139,660,81,240,385,717,308,553,129,596,61,650,564,608,301,214,590,717,74,136,325,230,464,676,372,756,749,269,272,317,727,101,64,267,586,675,571,715,384,314,223,312,523,439,212,760,593,122,550,341,443,358,499,50,168,602,19,26,645,157,389,517,426,215,191,583,299,17,171,653,479,417,359,470,319,462,97,205,284,661,524,566,662,131,714,251,482,723,264,328,661,626,454,96,195,336,233,402,409,484,443,508,614,544,428,299,269,200,575,10,325,639,672,144,364,485,385,63,498,757,731,347,327,739,739,416,50,181,593,113,492,21,120,465,68,465,42,487,150,164,421,781,666,769,318,352,67,181,473,48,695,362,400,487,164,109,770,246,656,372,645,430,100,489,731,716,745,412,375,552,607,227,342,418,631,76,214,610,731,187,339,372,127,594,425,757,9,744,222,521,133,147,252,707,120,665,23,149,46,508,86,128,270,459,369,412,626,26,201,430,273,428,760,208,696,550,746,678,420,726,676,617,298,12,763,573,334,231,659,641,662,354,223,489,261,558,705,108,420,10,92,703,215,157,99,232,159,643,317,322,522,213,7,501,577,553,274,392,133,703,775,603,535,5,465,164,600,668,717,30,101,742,37,613,423,272,273,10,198,726,192,781,678,158,449,622,134,297,576,257,138,70,168,103,576,448,739,425,475,437,442,240,64,762,237,665,782,148,137,721,773,752,339,634,211,636,116,506,527,294,762,766,48,617,387,169,265,495,442,274,553,755,579,661,321,254,547,348,723,303,704,235,554,538,575,686,101,665,677,724,746,68,617,688,328,338,480,508,191,307,146,486,253,699,687,318,600,668,151,222,311,589,373,674,308,776,177,514,114,237,577,535,711,236,462,627,493,170,712,148,367,1,763,761,172,137,258,19,579,550,23,759,756,602,25,264,577,546,174,11,527,412,439,483,542,688,575,211,129,409,83,262,586,289,751,536,318,519,267,606,732,292,642,2,445,578,394,23,338,288,730,338,18,550,713,201,580,774,499,707,183,185,268,259,589,452,645,84,615,151,624,145,562,306,249,132,179,689,550,620,180,357,590,355,591,625,112,56,186,438,486,378,9,195,547,482,68,519,602,398,455,583,477,484,692,349,503,546,289,755,129,627,283,716,31,591,177,159,319,451,116,249,121,451,747,116,418,568,462,530,538,98,759,432,81,513,161,608,180,764,40,122,12,547,155,344,263,545,755,521,722,552,702,243,412,417,196,419,456,486,102,64,102,80,502,119,509,407,280,371,47,69,140,535,386,543,782,367,532,597,492,372,693,428,528,610,52,588,174,717,190,716,681,365,370,377,268,67,439,21,709,135,726,84,698,551,347,544,417,593,652,48,247,53,718,595,225,517,573,483,543,86,419,28,115,357,392,245,45,301,771,55,273,173,697,561,537,539,36,562,410,707,121,356,639,144,240,73,571,41,239,276,492,253,228,399,774,313,656,453,153,415,43,130,675,31,181,524,44,332,535,267,327,360,749,310,686,93,395,441,80,344,493,289,592,68,110,642,667,366,477,733,760,442,213,781,527,220,614,391,61,599,209,759,447,760,781,494,5,289,100,176,622,430,531,108,556,261,432,524,767,303,697,478,25,14,389,157,356,55,701,565,400,49,565,587,166,157,569,645,539,769,691,574,1,310,559,32,8,564,724,590,775,92,394,444,84,281,777,490,619,94,476,459,562,578,13,402,574,563,287,279,331,776,251,4,156,520,633,13,328,525,475,35,765,67,81,230,112,97,285,49,174,750,258,178,444,274,114,194,364,548,86,466,581,205,138,654,168,39,184,598,212,693,136,599,453,330,730,202,549,622,444,499,707,15,274,464,514,256,123,102,423,132,263,383,513,713,294,49,57,717,731,82,348,569,426,254,685,710,329,326,352,461,57,325,417,130,184,538,544,457,402,681,142,532,281,405,514,84,717,437,201,267,61,507,706,369,254,395,768,248,230,706,107,432,34,118,440,51,726,325,223,304,229,135,43,365,7,372,730,183,160,222,706,125,324,738,99,500,775,67,179,167,432,194,279,32,509,147,141,681,316,761,326,354,362,437,616,718,614,172,473,456,535,504,14,624,188,322,219,582,581,56,208,217,581,647,622,735,329,171,626,626,607,398,450,156,48,579,212,365,656,454,593,217,449,773,781,37,184,759,112,426,683,442,481,316,136,16,255,424,560,495,757,62,149,313,117,547,322,4,726,239,387,747,141,667,743,595,770,177,612,591,522,341,558,586,536,495,201,228,703,604,224,613,204,643,138,321,1,389,771,383,53,559,56,406,280,522,89,728,598,671,280,342,742,642,87,37,387,719,113,343,13,122,653,703,248,596,656,183,618,447,742,345,212,76,543,418,611,176,318,264,118,419,566,190,481,583,663,268,147,653,403,571,114,605,287,444,450,765,576,668,186,297,452,406,264,727,163,28,274,247,625,599,782,298,7,98,285,287,257,413,132,610,747,753,220,753,116,208,532,140,279,685,392,244,76,537,493,118,75,17,32,631,754,196,350,521,71,502,156,372,91,577,3,469,28,548,627,436,619,465,712,278,60,164,79,348,64,626,763,606,619,440,413,504,8,754,648,612,437,7,757,553,726,253,210,205,374,482,55,696,771,371,235,11,682,425,197,424,676,599,365,518,190,119,362,133,716,521,194,769,334,260,413,255,408,195,523,645,558,480,498,385,737,520,275,377,20,207,103,263,621,538,541,462,690,459,355,68,490,92,311,582,768,737,530,689,614,761,466,36,394,318,261,412,642,481,199,549,769,480,649,1,327,248,164,243,457,734,251,30,290,346,593,229,310,304,712,114,472,164,259,676,459,395,280,51,329,65,31,320,507,370,106,308,478,578,559,87,623,475,212,646,720,378,202,666,742,85,636,515,543,141,336,682,197,19,724,498,588,77,644,262,460,597,397,461,128,72,227,398,656,483,749,726,775,237,488,60,415,203,734,427,473,291,605,197,485,611,718,685,252,375,394,425,93,461,106,451,735,498,613,638,574,551,564,216,587,200,773,225,639,209,687,656,743,102,501,277,486,586,613,74,197,606,215,581,452,608,528,241,336,114,106,118,168,562,97,453,73,67,396,463,444,265,217,747,287,449,400,473,401,636,56,566,575,199,490,602,471,674,192,56,629,386,705,534,229,781,264,521,239,198,207,708,25,513,390,90,71,230,36,145,626,131,565,759,139,127,589,758,750,294,34,571,513,1,384,171,231,258,330,320,425,319,134,759,518,397,684,557,566,408,20,676,356,746,560,280,533,146,604,208,441,477,693,776,295,86,318,638,639,406,174,352,723,111,53,440,544,594,429,78,341,466,681,718,159,379,73,746,449,109,596,352,125,757,297,506,677,433,460,359,201,479,43,298,189,676,306,156,782,40,721,194,518,447,99,56,452,368,492,157,582,484,211,312,129,306,601,215,528,244,157,702,268,524,478,504,766,413,520,401,594,360,680,485,526,204,61,599,752,509,320,102,99,416,335,32,652,565,627,349,783,44,207,150,315,559,49,64,677,161,159,513,734,663,103,73,748,23,496,417,313,577,229,498,531,223,526,588,136,518,632,42,190,37,687,698,268,650,687,659,432,259,169,505,42,309,365,588,720,58,140,107,164,770,667,201,217,274,689,638,133,376,351,619,232,42,450,366,172,108,7,679,166,188,478,80,629,405,626,574,505,112,436,135,313,31,223,68,774,6,630,72,551,114,479,515,378,532,727,483,337,385,484,131,575,226,145,56,477,686,440,515,117,420,540,159,429,671,363,94,782,384,55,589,215,459,760,381,310,206,417,11,68,646,158,42,435,595,266,698,331,2,607,379,304,485,673,391,629,552,153,151,412,768,768,673,357,20,6,197,671,590,732,78,249,163,117,580,742,79,421,251,406,245,313,514,690,206,136,189,496,580,52,189,429,487,205,301,649,415,251,738,467,258,18,476,150,30,134,323,382,394,211,21,201,648,576,272,60,156,45,292,507,634,8,397,565,329,67,165,320,484,247,66,729,479,32,544,705,692,767,154,396,776,537,551,75,567,695,513,338,360,143,748,567,103,232,291,648,677,569,410,280,484,655,70,653,116,348,543,193,748,290,377,111,469,474,309,4,234,306,622,460,301,360,174,753,458,35,558,542,678,304,61,781,376,539,607,410,252,176,202,778,209,457,275,243,286,708,568,711,346,337,450,20,396,182,567,332,342,367,469,777,228,717,342,403,208,310,232,542,239,265,383,461,698,457,573,685,380,34,12,146,285,274,109,585,708,60,322,23,443,234,737,526,205,461,569,93,173,633,514,321,103,492,723,152,669,136,668,334,411,558,389,297,267,46,422,354,229,275,80,690,26,405,719,538,393,658,373,194,547,385,566,185,722,219,554,89,617,771,369,259,658,684,131,729,118,654,181,656,275,613,235,778,66,562,308,410,473,248,516,338,241,501,376,124,526,607,201,80,400,665,534,7,672,61,748,558,426,378,81,216,695,730,702,566,163,111,677,584,659,381,590,632,567,263,246,449,488,393,714,448,153,683,299,329,367,400,637,106,527,772,604,418,405,485,666,594,708,589,316,503,127,715,646,316,388,664,406,653,769,698,528,307,693,47,269,465,566,545,93,741,465,690,741,100,438,294,412,220,279,716,407,293,595,431,557,192,675,778,767,637,310,1,193,152,426,770,693,143,461,480,25,512,214,631,640,213,519,644,403,508,427,583,243,728,731,433,230,676,687,531,549,722,625,246,170,168,561,562,502,7,703,22,153,778,566,262,519,413,20,676,437,363,207,113,74,221,618,77,395,346,181,422,359,270,373,189,571,101,189,145,426,305,184,451,36,618,347,736,403,315,258,734,229,143,452,663,663,241,528,251,662,335,647,539,662,564,572,279,356,628,610,258,148,557,253,225,64,2,413,649,478,516,70,229,152,367,273,256,106,685,347,141,313,751,233,554,708,527,718,717,361,153,38,66,38,774,693,404,699,734,732,457,717,668,135,263,162,176,471,560,209,70,402,108,737,205,650,192,514,283,399,171,91,518,62,426,580,428,259,524,301,185,386,361,185,456,358,138,143,773,404,205,472,192,328,380,735,205,696,680,770,480,619,433,670,521,397,41,573,324,733,202,775,393,393,616,369,625,235,513,431,289,725,115,67,298,753,92,148,763,405,27,3,29,293,251,290,731,83,779,501,513,298,30,750,708,265,692,410,471,419,653,761,435,487,690,620,682,247,333,615,720,773,265,175,511,177,213,67,66,587,301,154,531,743,507,96,728,14,769,474,783,376,640,582,146,414,547,686,397,256,426,227,462,500,563,397,472,146,564,78,197,212,508,614,50,165,51,292,770,561,712,777,44,502,403,504,780,735,296,414,591,271,702,713,81,98,574,113,689,78,115,242,534,768,236,181,238,310,650,16,214,653,671,483,59,90,564,438,329,481,671,22,208,623,654,3,421,591,387,530,510,625,256,377,726,196,668,30,553,579,290,389,254,607,110,584,526,688,534,601,604,651,538,602,331,604,18,455,74,315,159,521,27,394,198,140,713,576,670,292,479,650,517,516,3,587,453,203,87,74,88,178,711,378,382,710,319,174,281,654,393,479,766,133,306,88,426,710,435,501,544,262,546,651,496,95,774,449,505,544,572,486,432,175,738,343,303,698,221,217,471,2,250,662,49,225,180,278,200,477,733,429,593,123,176,28,205,28,571,184,258,474,753,97,554,558,560,18,315,83,685,202,621,250,231,312,465,89,160,176,478,113,588,262,231,222,218,458,236,311,738,333,159,237,205,632,248,56,351,626,700,58,516,171,778,707,588,3,338,214,670,621,139,683,423,671,227,198,299,35,226,528,427,250,560,4,750,123,126,223,694,518,515,449,392,400,10,175,200,660,172,68,739,388,331,590,672,778,146,201,73,87,82,316,586,27,474,324,526,26,230,387,719,661,565,568,215,682,112,764,579,567,499,542,728,515,86,310,705,553,217,2,456,84,400,285,723,566,541,689,574,416,522,294,329,775,623,691,599,754,509,78,134,386,657,472,678,619,562,277,141,94,541,345,187,446,58,178,607,95,616,705,558,160,134,107,641,712,605,530,203,748,602,281,609,32,501,542,662,411,771,93,292,609,593,756,750,692,356,487,619,368,241,207,705,324,145,290,569,340,526,558,581,581,57,114,505,376,531,561,86,140,484,744,648,575,707,520,596,736,338,311,717,699,326,451,554,255,119,713,666,285,309,383,704,235,134,716,643,382,435,744,418,540,380,643,404,183,561,75,37,218,76,589,28,659,714,351,421,582,1,210,355,780,195,600,16,74,16,321,270,721,204,121,416,209,645,225,114,253,257,719,242,201,606,315,76,615,683,174,160,82,550,492,461,290,652,775,422,613,177,76,347,497,215,566,401,712,67,237,307,763,697,50,456,666,766,468,344,748,233,675,178,477,290,188,507,448,229,348,522,207,41,498,186,489,748,64,101,447,564,430,7,694,733,354,175,140,652,773,679,560,221,569,672,555,685,136,634,224,174,150,670,16,526,134,55,461,75,317,427,731,651,82,45,454,167,664,142,131,240,612,775,773,42,519,217,637,348,167,145,728,383,354,455,583,68,165,604,61,320,511,364,273,289,413,179,104,262,318,353,641,151,743,251,644,582,330,238,644,37,72,666,489,293,332,288,100,767,64,754,489,192,623,641,443,73,247,445,720,438,427,709,307,169,104,181,696,309,740,172,39,682,330,215,259,275,580,60,543,127,216,675,212,216,195,300,452,145,360,516,510,248,407,428,236,159,707,69,551,244,526,692,326,559,235,528,206,585,706,21,703,338,180,621,79,141,50,27,16,663,596,744,383,88,668,440,426,643,654,19,248,762,535,350,375,369,738,458,655,362,607,103,682,465,614,643,710,393,609,467,207,231,557,454,494,304,286,459,752,492,429,311,468,677,333,509,716,691,439,383,774,513,381,273,158,597,94,529,344,23,478,528,277,735,540,697,338,688,252,669,533,571,156,369,127,174,140,447,234,199,305,395,280,564,119,486,749,589,705,768,711,42,63,199,191,390,616,746,608,494,92,235,464,131,736,50,327,352,462,199,678,495,521,76,420,181,172,550,165,437,770,167,725,453,98,398,779,521,643,151,467,339,767,25,679,632,130,461,104,753,542,289,630,372,259,74,51,463,258,671,272,497,597,53,163,285,687,22,633,719,373,720,493,682,307,780,596,326,491,680,500,350,757,318,376,169,568,167,767,714,113,622,158,430,45,637,715,575,243,775,398,102,406,232,10,481,4,610,564,58,249,506,382,552,351,631,76,346,12,161,36,251,731,106,632,222,452,626,314,136,414,697,106,386,475,298,187,335,240,235,624,587,758,602,403,82,245,263,326,386,269,546,748,47,376,250,20,69,449,713,188,681,163,103,339,687,781,719,250,51,409,297,283,24,380,36,534,179,369,164,344,261,609,568,137,554,29,509,612,45,233,83,638,1,96,681,738,775,325,624,437,284,472,115,476,270,31,663,67,278,467,645,483,529,66,151,446,371,717,137,414,708,113,239,640,120,150,8,391,583,361,502,647,745,27,231,212,633,345,386,63,694,11,455,203,14,86,413,543,620,354,442,663,444,254,484,649,291,484,471,610,713,403,385,71,366,188,258,463,102,280,120,341,626,727,533,402,488,342,67,119,210,699,436,543,136,540,43,442,29,736,652,232,269,609,342,597,171,159,733,451,409,151,443,444,255,499,121,628,677,131,524,589,431,211,580,4,374,241,390,402,16,72,691,639,628,742,474,715,152,510,275,446,5,339,601,253,328,256,414,300,382,40,217,688,609,329,3,732,67,715,374,441,486,42,696,751,683,280,513,193,213,214,220,588,65,581,549,124,330,373,216,321,419,390,9,680,103,320,297,678,167,245,73,107,142,343,517,649,542,139,29,218,400,702,501,15,159,630,575,660,443,742,116,501,160,348,516,490,650,175,135,635,434,111,2,55,209,638,303,632,20,706,765,579,210,538,392,332,526,559,736,586,745,770,629,350,561,506,761,150,266,213,670,489,486,329,741,649,496,480,1,208,269,706,533,411,389,194,303,507,599,48,327,51,534,471,31,454,424,582,419,783,422,680,404,406,538,490,202,689,405,501,444,63,507,373,737,433,126,384,629,543,140,492,92,582,199,610,239,96,735,188,414,256,103,87,64,705,427,158,312,626,301,95,342,200,684,268,220,397,443,661,320,468,234,639,778,210,92,403,62,600,47,608,398,269,570,230,689,330,394,600,636,473,182,105,676,697,298,655,28,614,182,411,296,501,338,412,325,405,663,4,303,686,58,363,117,477,647,591,37,737,468,253,782,305,254,340,208,617,299,661,666,688,136,749,519,411,377,657,496,244,713,500,728,376,350,334,160,601,219,750,730,141,284,433,741,326,436,745,135,50,543,607,129,319,91,358,553,33,644,757,157,97,546,583,539,556,229,176,620,345,457,240,203,460,591,726,691,722,711,593,41,87,197,54,225,313,67,442,537,673,705,656,61,294,671,187,219,497,742,20,75,702,338,153,6,64,690,252,205,567,220,445,523,553,583,276,197,593,162,570,20,487,668,593,91,337,751,605,94,355,757,290,632,338,190,206,750,344,304,69,390,270,392,396,713,52,496,585,535,500,227,45,1,757,47,252,295,566,573,463,431,273,306,411,716,88,58,305,672,743,710,272,403,207,696,95,675,220,413,217,766,579,388,570,582,620,282,720,89,287,456,291,122,117,374,347,783,191,693,315,753,513,714,421,294,288,216,177,718,723,105,745,326,424,127,535,405,693,492,343,24,609,168,359,258,152,216,109,472,617,668,607,522,239,635,105,591,388,136,5,661,507,50,508,653,489,28,610,751,685,504,81,549,73,322,333,567,542,152,640,133,43,598,146,175,568,761,51,494,515,573,486,259,236,337,470,310,207,498,488,284,499,177,173,510,448,44,20,4,415,189,301,506,327,598,252,352,1,391,308,210,407,576,328,69,512,638,714,248,244,342,80,88,594,488,29,72,157,555,566,96,365,522,83,1,336,774,398,679,204,33,401,625,354,10,726,98,365,743,745,633,485,495,578,488,731,173,738,656,281,34,162,168,16,532,420,292,243,668,423,207,620,323,397,620,732,460,3,552,600,261,462,144,684,424,664,599,763,166,194,683,455,417,747,585,531,150,443,146,73,567,275,258,575,210,373,671,73,322,648,419,149,260,30,195,141,345,745,103,257,231,339,670,237,123,759,614,658,735,297,606,172,67,735,88,300,472,278,254,277,365,597,295,490,363,601,20,453,560,221,75,178,643,342,777,495,150,97,364,217,376,249,516,347,539,689,12,243,440,403,257,347,357,284,485,576,93,575,692,265,210,336,115,767,457,588,346,498,155,510,206,772,553,758,92,93,66,454,555,710,738,197,548,493,753,769,545,271,242,363,778,329,232,480,670,56,469,12,390,710,518,648,25,6,2,288,42,740,571,570,328,633,663,24,82,734,639,52,400,236,45,193,422,543,263,590,702,492,285,520,344,418,410,252,231,447,327,91,435,577,533,155,386,18,163,274,614,84,379,388,755,231,769,718,500,544,114,195,736,259,338,658,454,332,103,25,58,468,102,671,578,274,59,375,632,469,363,705,16,410,651,188,380,278,689,348,442,10,87,590,281,67,677,157,367,743,188,555,408,498,280,30,298,488,443,248,570,320,355,72,301,52,154,636,567,639,583,649,624,166,252,234,288,27,241,254,226,496,573,565,352,493,686,756,416,245,109,489,350,289,226,24,553,723,592,43,176,340,595,106,612,319,669,128,598,179,430,401,191,443,343,99,584,52,283,392,591,190,118,134,344,80,325,604,33,469,220,691,491,159,38,554,230,444,449,741,480,706,59,707,573,342,776,273,767,251,695,142,159,521,198,659,532,273,536,363,127,124,659,265,32,418,460,403,513,704,269,729,612,316,205,163,238,489,759,620,545,563,538,335,62,63,424,419,239,614,566,767,132,601,629,2,173,271,593,711,557,569,755,624,249,341,521,107,662,513,33,608,221,109,501,471,551,551,605,592,298,606,780,184,588,468,176,214,782,512,213,662,468,339,484,599,135,687,41,154,262,763,649,332,652,621,36,743,559,195,781,697,219,387,594,552,100,389,571,437,600,552,178,568,199,31,148,436,308,702,269,511,121,630,16,770,281,441,703,715,238,559,157,299,175,711,575,439,380,351,568,713,624,221,8,138,97,393,68,489,528,542,539,287,4,528,441,317,525,324,675,354,444,12,117,177,756,611,523,257,552,595,236,322,464,488,670,49,92,458,141,606,104,218,384,123,370,234,202,224,21,754,304,105,145,669,518,722,384,666,193,329,160,89,202,535,278,492,681,424,726,24,460,81,376,132,344,456,356,433,388,613,436,184,593,694,206,128,97,392,679,596,563,189,192,639,595,603,392,82,535,642,521,721,601,279,248,740,47,412,106,334,217,149,66,300,650,367,592,110,289,323,335,480,464,440,504,487,721,614,121,558,657,471,271,302,90,64,686,260,48,127,3,188,650,212,366,45,402,102,651,740,569,598,485,584,91,363,722,395,429,102,746,12,355,773,136,590,390,721,174,427,337,498,348,5,410,577,744,1,138,460,356,324,704,457,201,590,328,691,17,158,641,204,758,88,46,322,270,255,179,567,158,653,503,609,308,760,334,612,501,367,196,459,51,126,1,52,73,172,557,250,731,705,77,568,250,55,480,334,94,571,694,626,640,7,189,252,297,410,85,417,237,78,702,607,626,274,69,436,606,95,589,750,739,742,667,320,62,766,272,356,5,649,462,468,171,389,274,349,31,630,722,354,447,538,610,229,564,123,119,85,469,677,182,696,621,86,116,489,372,63,494,676,145,415,713,348,541,325,134,172,525,478,95,642,637,304,459,420,192,18,339,467,325,640,183,306,572,488,630,179,56,74,43,635,492,400,15,460,557,515,495,217,506,453,619,365,51,95,34,558,215,695,778,646,170,134,636,450,560,299,114,586,137,132,529,290,299,512,430,550,361,375,534,9,777,701,262,100,4,236,722,549,751,560,275,629,669,239,29,650,64,178,707,526,763,760,344,692,189,744,554,163,783,130,184,51,129,132,704,620,217,620,505,161,113,532,393,217,102,79,345,626,652,641,562,89,140,501,458,622,627,385,422,229,370,254,780,658,779,162,389,521,687,678,20,267,111,601,198,321,660,40,630,775,706,404,314,365,248,53,713,139,501,432,226,536,251,345,436,305,158,587,146,284,163,319,436,120,220,761,96,505,477,329,626,78,782,365,463,716,218,193,753,369,601,770,352,524,560,353,166,167,720,767,461,509,466,45,285,354,632,7,414,32,531,180,269,195,283,214,92,242,410,94,79,470,753,612,636,430,515,404,73,351,651,432,766,14,172,484,418,480,570,394,672,707,135,611,416,183,658,354,660,389,365,24,666,499,545,492,170,302,289,609,336,695,251,772,301,89,481,282,126,270,760,324,757,145,47,222,523,134,350,282,263,351,352,266,128,556,783,66,737,276,526,130,78,446,245,336,74,664,708,721,208,498,509,89,718,734,778,181,701,334,399,192,240,265,12,199,35,780,720,340,725,417,679,749,167,134,767,557,129,777,551,733,647,264,570,393,164,159,772,146,439,395,16,65,22,18,215,346,544,545,455,416,727,148,764,391,10,722,566,427,549,213,747,581,293,248,527,729,20,67,59,564,533,11,346,534,325,763,779,529,726,229,247,77,553,336,144,263,568,248,102,661,628,616,217,567,709,393,661,292,165,368,442,322,442,120,198,235,602,746,341,722,268,297,482,613,441,154,198,224,689,166,741,233,650,625,41,107,668,257,258,516,172,118,432,338,390,589,575,205,12,340,446,287,607,520,126,780,199,595,673,400,473,149,51,75,91,301,691,507,211,518,292,418,667,47,161,199,603,76,44,363,338,652,89,46,704,588,27,403,35,343,511,244,73,493,621,663,469,619,142,699,389,105,715,741,122,28,133,610,198,719,108,215,169,103,623,231,762,59,570,218,370,595,424,12,180,661,380,412,742,774,316,278,125,31,563,375,442,324,362,507,709,7,676,460,644,648,192,282,755,577,378,546,485,371,31,634,544,445,221,143,233,507,569,259,554,341,129,390,89,220,494,305,580,764,540,151,55,570,783,668,46,262,369,739,61,774,1,735,711,396,303,409,115,559,577,36,345,271,227,330,101,499,616,288,775,291,611,29,210,729,309,757,384,668,451,28,462,187,630,45,650,435,215,389,372,633,277,205,575,720,22,329,209,14,25,162,368,386,526,388,174,740,701,396,607,701,662,621,470,241,61,641,676,591,339,368,727,629,782,770,127,550,437,618,683,571,660,256,579,277,191,485,242,666,416,194,237,697,706,111,682,183,378,155,50,173,593,409,253,780,295,426,608,236,746,173,379,739,707,540,440,479,463,638,623,684,501,623,663,684,407,403,62,84,625,479,564,518,774,335,128,436,682,389,362,271,353,21,313,479,167,484,46,526,465,219,632,475,530,650,464,374,557,401,609,96,337,472,474,407,731,455,147,746,571,159,468,501,529,222,560,462,295,401,716,392,306,24,766,565,518,373,16,549,652,60,217,327,726,678,174,596,728,98,3,456,101,113,431,665,619,669,53,623,733,356,22,241,211,514,13,256,198,262,739,346,245,234,423,106,148,43,8,294,587,587,541,173,741,334,30,122,45,19,368,573,82,554,364,99,424,110,670,288,645,297,663,344,575,279,38,486,697,160,217,616,164,430,636,159,636,183,284,522,267,707,465,765,374,624,227,124,64,317,507,298,764,101,197,347,419,481,745,405,443,201,91,504,72,35,351,340,456,602,693,130,691,530,405,606,468,459,691,269,423,12,312,679,146,380,117,726,465,515,347,207,89,70,71,618,771,15,258,368,734,299,373,223,311,248,182,631,600,159,409,495,367,396,302,662,647,37,562,424,541,516,500,511,137,455,477,141,774,122,740,480,318,245,219,25,307,118,96,543,64,8,199,448,99,2,690,297,198,616,293,515,768,41,415,71,90,234,218,184,114,348,37,283,656,71,308,426,110,574,347,479,637,555,429,444,692,487,441,46,152,251,575,259,585,691,470,12,504,664,670,354,256,320,67,245,301,32,42,310,449,422,312,705,625,658,559,411,450,625,572,102,223,633,441,66,301,169,44,506,767,296,262,403,199,723,26,756,234,453,408,315,191,695,526,284,716,585,381,466,154,353,305,175,745,249,680,575,128,340,394,768,422,341,171,223,494,374,455,30,124,638,446,616,13,35,514,202,172,350,347,292,254,621,528,596,253,325,662,166,207,638,34,419,602,283,132,406,699,338,699,502,407,334,562,29,158,481,3,195,723,697,5,8,303,181,26,325,388,777,531,725,367,600,383,32,76,505,376,291,318,767,419,456,422,32,680,232,300,119,564,144,558,638,448,41,216,175,445,298,97,183,145,53,41,457,262,125,726,371,254,287,424,674,33,488,579,176,494,694,526,378,527,136,593,624,783,108,401,572,619,718,114,684,381,725,532,269,217,469,501,557,522,538,734,132,630,15,163,686,66,403,40,716,211,683,246,608,286,184,64,738,434,421,529,23,742,768,70,740,329,731,449,699,542,756,507,116,123,630,33,472,701,351,235,495,60,611,52,327,733,182,540,89,656,435,370,356,421,754,358,217,382,666,535,198,324,537,708,188,396,619,685,102,688,124,84,723,187,683,365,269,629,441,14,77,469,563,297,769,457,674,401,107,477,22,650,283,1,668,548,511,558,589,594,209,419,445,312,447,405,551,63,598,739,52,320,735,760,203,180,204,20,672,383,668,568,550,385,369,150,586,99,641,251,756,197,598,351,498,354,467,531,397,550,752,256,604,748,734,317,149,416,260,613,712,610,613,436,330,646,535,388,403,498,449,781,55,124,560,452,778,755,260,774,545,166,11,94,138,387,447,154,9,213,389,286,707,717,442,6,680,566,30,734,215,23,578,42,96,317,585,180,620,699,155,579,234,428,301,637,285,525,14,381,606,557,8,417,586,313,587,248,482,1,202,95,504,462,142,229,398,373,122,78,274,406,702,721,751,334,276,714,485,359,634,484,286,192,465,342,667,552,86,225,463,300,724,254,607,123,103,611,338,288,360,271,30,584,436,328,24,540,684,50,372,612,235,415,704,696,49,529,611,740,34,761,26,559,574,58,371,367,355,502,107,505,230,523,514,191,455,661,460,372,473,673,17,209,277,10,376,627,68,486,738,532,577,298,455,402,410,778,243,718,27,215,458,694,599,263,66,4,31,734,380,109,98,670,683,522,102,667,625,229,584,56,41,96,471,777,629,334,195,307,226,729,406,271,591,613,63,246,107,508,402,320,376,662,660,565,408,158,21,693,558,535,140,120,605,24,177,175,727,595,689,106,521,405,278,561,483,203,490,217,589,513,608,307,90,517,110,113,759,152,695,769,583,364,162,748,195,463,151,193,121,362,106,12,382,431,363,430,552,611,16,721,71,220,745,475,426,7,139,296,418,571,362,293,61,400,80,120,434,346,698,304,381,169,331,68,448,766,742,298,281,202,553,40,29,357,725,618,346,161,297,37,381,160,694,600,770,776,487,14,336,634,563,629,18,50,489,293,364,627,217,418,261,157,424,761,701,276,662,352,748,752,605,72,86,192,253,425,116,146,614,245,132,14,683,191,111,269,150,66,214,509,581,524,24,367,380,395,696,655,185,382,45,174,637,508,642,347,307,645,706,547,405,620,596,293,277,290,651,152,576,531,762,90,289,628,323,377,198,380,174,300,65,93,699,223,617,61,641,407,318,631,728,389,86,403,184,471,596,627,523,303,614,78,214,769,777,765,316,32,193,652,244,71,564,287,657,225,371,674,722,206,695,575,416,654,698,457,118,382,698,511,173,22,140,195,763,26,648,651,23,134,496,722,526,294,167,709,744,539,39,422,720,63,710,676,118,382,297,119,39,420,460,457,630,763,715,288,352,162,600,49,614,86,155,687,441,292,730,82,616,676,78,165,362,432,690,400,385,94,621,225,402,189,338,578,357,654,644,111,78,328,198,19,85,574,231,7,571,154,538,14,727,539,80,770,290,781,282,463,98,345,739,339,146,631,638,499,536,278,591,135,19,75,719,626,719,282,736,91,9,534,366,230,127,758,730,57,567,267,306,651,728,643,747,765,712,762,184,385,482,89,305,673,311,541,173,346,705,154,737,674,634,143,114,711,115,429,317,234,42,441,187,450,655,239,229,94,335,768,531,520,369,500,329,135,567,28,292,511,744,34,174,766,27,103,322,233,188,606,109,563,213,569,237,782,58,123,722,658,9,166,758,619,396,458,564,394,344,122,245,385,591,655,652,36,68,153,354,503,107,749,16,395,497,489,509,605,181,694,276,143,99,522,633,154,744,699,206,746,670,498,141,668,414,436,517,104,607,337,86,325,66,702,616,510,318,628,288,453,470,372,677,702,222,733,578,58,275,408,589,645,76,475,697,500,302,705,162,773,721,696,763,193,209,449,695,365,338,419,361,304,295,532,262,354,410,69,538,350,114,391,275,503,312,650,548,444,638,625,47,622,9,731,143,272,200,528,676,174,70,96,628,150,779,688,754,536,257,519,749,671,371,602,414,634,495,689,453,327,715,374,33,491,453,592,228,318,402,655,726,544,159,577,536,683,712,500,508,327,207,781,625,232,109,739,135,353,207,244,11,6,270,221,519,169,730,536,65,316,235,154,667,431,467,481,95,725,650,452,277,419,305,759,728,689,218,165,283,349,756,317,96,422,486,466,619,593,258,28,393,452,191,203,149,66,615,317,501,671,325,411,353,336,56,164,186,555,175,178,575,368,91,467,233,392,454,632,349,702,10,129,328,748,716,144,102,215,575,154,218,254,367,609,707,505,70,172,58,68,768,313,712,98,285,614,28,386,612,582,542,556,447,150,358,436,31,613,34,720,90,174,206,627,599,289,653,458,257,579,780,34,435,39,614,560,331,645,501,329,683,528,15,44,311,675,614,783,340,681,360,449,119,2,661,526,466,515,349,727,441,642,629,762,204,224,689,522,138,343,157,64,278,420,324,194,731,294,268,185,371,605,736,656,305,107,120,619,516,346,287,358,380,710,231,648,782,614,572,397,366,653,298,721,258,418,293,79,694,772,11,2,516,619,284,325,338,412,491,319,145,228,281,164,653,768,600,25,139,143,517,637,517,223,24,258,243,207,88,715,292,314,770,545,652,124,597,469,313,480,497,49,507,450,264,181,164,564,299,334,277,440,352,427,231,730,632,770,123,661,67,71,679,141,686,443,419,3,386,213,402,584,216,678,108,641,227,217,44,308,541,620,487,80,289,764,292,372,459,388,408,661,656,725,13,329,586,154,305,281,476,147,436,668,217,756,67,682,398,301,233,25,348,436,528,256,135,737,403,23,45,398,452,585,34,124,373,451,431,169,541,643,13,316,6,125,757,700,281,749,157,600,688,461,417,632,700,547,551,693,353,141,712,457,713,94,47,440,66,369,717,84,634,728,478,337,239,613,740,224,377,546,265,264,263,594,98,732,172,551,66,304,136,667,130,684,490,271,1,695,783,765,668,628,30,392,221,338,365,496,358,89,487,709,763,738,432,119,74,108,771,718,447,377,337,91,151,593,301,296,409,57,427,297,516,390,374,766,14,407,153,50,378,207,75,549,129,553,395,773,731,207,665,228,298,774,606,482,24,175,355,497,700,364,142,618,707,292,520,87,504,531,286,369,513,663,556,323,415,654,328,21,555,731,410,621,640,330,314,88,176,206,93,282,187,244,591,480,280,542,549,622,655,187,514,594,447,134,459,33,771,107,523,160,633,361,46,636,212,291,735,383,493,27,112,205,269,233,388,11,80,177,417,218,247,779,565,274,508,681,349,406,583,28,475,223,501,243,207,3,62,87,573,577,141,118,95,718,245,553,585,642,482,46,42,309,764,608,709,428,326,645,432,238,665,173,407,319,259,365,401,159,392,750,499,357,94,766,600,438,274,402,375,399,285,617,746,92,779,196,126,576,309,673,314,554,502,704,325,541,565,670,168,99,271,663,698,69,34,655,414,73,433,369,364,392,446,453,89,494,530,506,175,438,597,328,365,750,444,781,585,222,588,342,664,154,297,635,238,573,209,8,417,367,258,123,763,149,50,403,700,242,657,344,384,725,399,393,748,97,600,716,395,609,477,627,727,230,618,782,540,313,656,557,757,86,493,276,668,747,687,679,661,586,321,765,475,302,500,463,9,482,698,24,85,617,693,698,185,708,658,130,201,489,696,605,659,175,300,180,185,660,102,725,597,769,63,439,415,394,20,724,436,711,234,710,421,542,518,595,344,92,665,518,510,554,348,535,665,691,509,455,142,782,609,631,429,549,71,35,479,403,206,621,615,48,575,395,689,193,641,239,586,356,321,191,156,54,575,727,655,565,309,151,430,683,459,408,487,707,312,705,245,315,315,715,219,300,285,771,1,464,316,386,31,529,285,582,612,24,63,407,593,435,181,326,403,194,176,388,12,690,560,366,634,562,90,365,24,438,264,560,591,98,583,154,356,460,551,97,365,232,185,39,535,30,487,217,465,43,22,40,660,342,241,762,703,73,435,566,453,288,217,349,469,188,378,165,716,456,772,686,750,459,109,283,728,123,565,442,529,27,467,584,51,754,430,582,405,571,430,448,366,64,444,27,585,181,777,422,113,663,614,559,599,408,451,195,99,296,594,474,693,381,288,394,180,247,110,291,292,289,395,500,517,349,93,666,672,765,710,126,238,253,114,255,128,161,220,213,275,308,340,308,275,270,325,350,96,538,109,375,380,561,719,217,345,139,501,112,335,578,726,98,771,224,89,173,552,415,599,223,323,411,419,743,225,775,499,164,307,602,108,671,59,109,239,603,540,674,494,626,621,415,281,671,93,748,489,459,328,580,396,528,603,348,422,232,222,124,321,297,93,333,60,323,203,498,346,713,223,507,729,248,283,646,730,239,27,133,125,69,218,183,278,33,256,317,303,201,760,111,724,157,280,560,384,130,649,388,728,745,700,510,707,660,187,433,91,543,72,87,402,558,459,716,541,389,207,252,162,770,662,220,487,452,318,66,67,571,639,226,425,64,513,218,175,151,395,363,349,723,730,284,215,190,729,688,769,76,235,449,176,213,58,637,290,270,551,352,391,89,397,480,287,231,370,170,36,148,474,176,352,126,7,312,252,279,610,99,297,460,481,505,272,579,475,429,641,599,360,275,568,429,516,734,126,186,559,724,103,509,452,727,610,445,388,288,126,118,471,553,707,598,191,566,160,80,552,570,93,78,700,234,730,183,423,11,418,354,2,141,1,569,263,778,132,699,612,160,536,387,653,575,632,25,237,668,705,616,4,475,151,773,283,175,82,320,340,309,359,596,47,702,185,180,254,602,487,417,257,276,725,756,324,606,267,336,710,553,511,725,104,260,754,69,456,422,168,559,735,445,530,224,339,471,701,159,399,145,763,454,570,666,296,91,356,199,255,336,643,74,736,638,176,747,483,8,665,61,88,81,704,413,407,273,708,506,552,555,323,161,519,348,523,590,4,656,185,64,39,608,263,39,495,106,471,754,277,246,432,725,74,171,657,780,113,94,609,308,282,748,75,54,558,757,112,42,311,369,162,762,656,375,684,625,656,50,496,152,67,167,233,734,771,269,73,100,403,700,262,677,441,605,84,337,385,228,491,775,49,752,253,300,733,459,241,114,748,197,747,52,225,734,172,431,81,722,580,34,250,496,621,537,500,648,645,215,589,357,11,632,775,753,401,54,452,686,51,125,145,96,419,53,519,184,71,457,40,777,670,770,496,333,183,218,543,607,342,720,147,556,755,252,491,454,344,385,172,23,229,419,316,745,619,212,240,650,81,748,534,135,678,566,720,698,288,231,702,686,299,139,770,273,26,672,608,166,513,176,217,526,386,419,323,56,572,442,298,712,71,233,328,160,516,593,400,109,602,9,214,395,207,178,715,206,421,602,211,580,602,693,683,734,782,374,257,234,378,412,340,176,776,83,131,24,99,643,479,618,176,189,643,433,594,672,526,495,104,58,526,737,654,77,22,126,763,749,141,221,52,71,100,173,186,322,657,598,336,126,435,617,219,620,539,252,15,295,278,205,360,28,243,623,611,533,508,686,156,65,371,575,428,715,62,759,235,244,550,378,489,360,169,287,152,712,117,647,397,454,670,597,363,511,96,403,447,220,426,443,12,386,257,243,124,636,186,371,426,710,445,402,330,313,410,591,761,398,185,87,626,361,591,779,659,477,111,340,494,647,198,645,198,95,156,346,685,744,334,77,744,102,412,659,512,447,576,59,80,583,431,657,697,280,604,581,624,229,117,264,6,388,574,313,170,668,48,318,149,290,461,386,331,75,645,702,559,104,109,738,683,270,68,219,548,417,410,303,729,403,11,501,51,459,411,493,756,243,771,332,618,225,309,528,45,266,381,576,79,1,479,734,430,251,469,357,425,761,173,15,418,154,176,336,220,618,195,229,375]

5. Could you please minus each element one by one in the following lists?
[5077,5287,3638,4015,4345,3873,141,2612,3929,2050,1705,1576,2437,755,74,3651,390,4060,4633,2822,5205,3375,4640,4569,2900,2020,5044,4109,3217,2417,3551,5172,5195,523,4027,2738,4687,598,4205,2345,4776,4782,2365,3838,3342,3384,1863,1737,2245,732,2592,3775,1993,5333,4848,5260,226,3074,202,4934,1778,726,2752,1772,1205,4405,701,5305,1362,394,4744,4447,515,844,4744,519,1533,867,1065,1775,135,4602,3682,3110,1427,1946,4154,1152,4795,3399,4418,1075,4572,1117,4009,2541,4972,1591,4320,1962,1327,5114,2738,2348,5077,4494,3383,3407,1637,5324,2015,5231,4590,2563,2064,2510,4984,1515,4368,5326,5250,900,4237,1188,1407,4912,1699,483,1197,1964,932,1296,4812,4988,1077,2163,337,2495,4462,3640,2713,629,3004,1684,2852,4138,1671,1248,2709,4370,1249,4175,1256,3949,2691,5139,4400,3804,2858,821,294,4492,4025,3340,1081,1207,1497,4301,3935,3318,2321,1309,2819,1032,5190,4801,2857,1295,900,5295,1333,2874,2141,1536,2322,4324,1132,3032,1682,2382,1025,428,2482,1618,3233,1184,2700,779,2221,3715,390,3571,3595,238,4234,4434,1242,4206,1066,3928,3001,2970,1702,3341,4513,687,2585,4759,1183,3257,5061,1865,2557,2199,4911,1084,466,2394,1237,4321,2024,2135,455,2989,3925,4383,4122,3213,4078,4345,710,3104,3629,1865,4748,2530,1096,493,2010,330,4404,3619,3806,4462,571,1848,5112,266,4346,2369,4197,4048,4934,2674,3146,1716,4522,1983,3571,4737,1036,3223,2084,4597,3365,1717,4081,4311,2250,2061,226,3800,2702,2244,2381,3852,2794,4132,3003,5157,4298,4370,3738,3485,46,626,2692,4468,4670,2411,4500,3014,83,4156,5046,2732,841,1399,5098,1479,184,3558,5065,2881,143,1969,3926,1416,3375,3264,4955,3557,4611,2297,4011,141,2941,70,1496,1402,1865,3690,1292,3989,1632,412,2907,1068,2576,1394,1860,1318]
[4329,4584,763,1825,987,2658,3231,820,696,3410,1746,199,2869,4136,398,3671,350,92,3620,4762,1709,1452,2212,2102,3502,2115,634,1781,1573,2915,1807,282,71,5233,98,2265,221,2340,524,1068,3143,1692,4353,2456,575,3253,2319,673,4631,177,2228,2381,1350,2373,4491,4675,789,2121,4359,4510,3151,302,4340,3294,4151,5168,4925,4326,2029,3985,2405,3789,2704,225,1103,398,4996,672,3352,2749,2411,2058,3596,77,4512,502,528,5272,3438,4654,837,4344,1581,654,3542,2229,164,4107,4008,3340,3004,1800,4669,2361,358,3414,1994,4804,2951,5195,272,1212,513,894,2743,2855,3885,4792,232,4949,4992,4979,2230,1188,3925,307,2446,575,284,5124,109,4154,1500,3761,1288,665,576,45,3622,1072,2615,4347,2184,2800,2150,2343,151,1063,5255,1161,2985,4581,2505,3805,2485,397,2697,508,5199,4441,334,3496,834,720,5307,4937,2964,3484,5018,5241,427,1195,3408,2966,5132,3752,3193,5355,1534,4241,1066,3110,1381,2440,2484,1656,3239,3242,4344,1224,1175,4124,665,3058,2434,2138,938,3509,5204,3633,117,5222,2667,2303,3316,2895,1488,3167,1515,1430,1750,1916,854,2414,3831,3282,4486,326,2126,713,3301,215,429,4633,3144,3276,1915,566,4593,5303,2850,2514,1670,1412,2018,2654,4163,2650,2198,4282,4714,4573,1945,3189,4695,5344,4739,4955,1639,3452,436,4919,4312,1551,5122,967,3457,5035,3629,5348,5153,4179,258,2915,4109,3951,5027,1980,1530,4420,801,662,545,3410,4254,107,4829,4363,3060,1610,1520,2230,3330,3398,3210,680,323,3502,590,2212,524,5027,420,339,630,1444,5020,4297,3889,1481,4595,3808,631,4482,4771,2160,3971,3301,4792,1364,634,2881,2706,3052,4738,4838,3919,631,3051,3393,523,4701,1194,4145,998,3483,1074,3817,2568,2076,4965,2637,4096,2018,769,275,1401,5125,1261,3097,1338,5117]

6.Make a small project: could you please read out all the data in the question48.txt and then remove all of the odd number in the list and then save the data back to the question48.txt


7. create file called "test1.txt", and write string format: "<name>:<your name>@<age>:<age value>@<gender>:<your gender>@<weight>:<weight value>" for example name:Jack@age:32@gender:male@weight:80


8.Could you please save following dictionary to the txt file and also add youname:weight in that dictionary?
my_dict = {'Jack':'90kg','Lisa':'50kg'}


