'''
 This is the test for Hugo python ability. Test hour: 1 hour
 Author/Teacher: Jack Shi 
 Date: Sat Aug 27 15:49:44 2022 
 Student:Hugo
 
Note: 
    1. Student should do the test by him/herself
    2. Student can browse the python syntax from website
    3. Student MUST sumbit the answer when time is up
     '''



1.could you please give the result of 1 * 2 * 3 ... 57


2. get the maximum element in the list for instance in the list [1,2,3,4,5] 5 is the largest number in the list so the answer is 5
[315,576,599,80,720,79,191,1,102,141,94,304,361,748,737,186,411,431,32,235,171,167,718,633,82,49,163,582,380,187,27,779,534,556,228,45,425,704,494,41,394,94,430,484,541,593,446,658,661,45,363,458,719,296,212,31,254,358,386,532,394,216,567,453,681,718,316,165,192,620,257,540,575,670,41,769,604,735,612,348,231,433,299,335,65,184,624,209,240,74,753,446,695,58,581,321,470,58,472,324,567,190,17,25,767,466,493,171,464,4,336,409,34,738,427,349,298,162,447,739,403,462,490,23,111,377,136,630,494,605,614,9,348,781,165,372,705,497,731,559,210,519,351,462,112,719,161,271,728,304,467,346,43,428,531,209,79,504,97,464,637,495,683,311,568,296,672,478,443,453,533,283,27,466,560,569,175,728,464,622,2,456,359,613,712,744,76,501,59,311,604,96,328,18,267,351,591,766,179,87,94,509,438,98,443,170,672,462,94,70,666,247,713,737,752,287,55,366,492,564,741,481,697,751,8,616,136,71,204,416,83,546,501,635,80,435,64,396,662,567,489,645,616,245,149,560,480,579,583,415,383,648,165,360,154,654,322,474,621,658,485,525,68,613,451,353,175,442,102,741,183,712,483,196,686,372,139,679,449,103,389,145,350,247,200,337,441,290,149,245,51,433,424,48,755,417,193,502,569,674,581,125,509,115,168,26,719,311,523,71,463,734,593,765,479,201,439,16,135,485,217,631,555,263,271,586,265,589,13,234,255,381,327,609,24,689,392,598,545,209,465,206,281,12,418,633,409,89,385,230,564,346,394,513,230,783,128,748,684,622,578,21,633,670,33,467,55,290,517,92,611,248,580,437,585,337,468,533,69,87,491,692,168,362,744,649,41,474,734,241,630,657,35,523,689,354,521,683,375,431,416,155,756,698,574,709,93,630,173,426,372,76,540,87,139,674,338,421,650,655,115,219,113,470,559,711,780,229,173,62,15,94,126,93,746,50,450,84,184,198,179,307,20,548,32,89,303,460,469,683,364,602,205,747,620,389,583,206,401,486,283,461,73,748,653,14,778,173,488,344,697,260,658,467,386,84,617,289,249,473,580,778,673,190,358,191,121,775,198,637,186,166,68,479,229,525,232,496,630,121,416,200,104,339,126,578,221,153,133,11,130,467,171,84,422,209,668,454,95,30,191,489,586,560,532,743,275,116,592,643,665,696,676,12,428,471,372,677,306,27,638,467,673,371,514,197,317,60,771,747,402,90,197,601,717,219,724,540,399,435,148,285,688,582,174,152,460,85,311,274,421,236,502,242,434,373,463,673,24,160,725,380,761,378,612,528,542,412,50,415,726,307,420,636,183,210,350,421,715,588,131,210,190,207,159,783,395,681,176,779,672,286,127,333,708,250,123,81,669,168,638,326,596,525,158,516,330,452,134,143,227,335,42,248,278,474,746,78,539,300,650,719,295,757,357,458,708,1,485,281,655,669,259,754,3,775,66,182,410,600,272,288,402,773,22,739,762,563,420,662,571,694,317,562,275,518,127,626,689,645,195,112,442,175,380,630,263,612,282,114,555,576,521,752,43,576,770,449,517,729,7,594,643,311,314,450,743,465,172,726,354,594,774,546,570,558,19,273,135,513,633,521,459,692,756,593,626,150,87,532,339,94,179,434,61,389,665,18,471,54,175,470,354,509,254,305,9,440,692,144,604,91,150,264,185,463,424,428,213,18,331,479,126,653,255,228,648,59,439,137,113,709,717,105,47,122,61,542,710,223,418,654,698,638,199,277,447,243,51,249,114,7,465,68,709,458,599,428,155,552,738,616,257,145,541,5,138,105,303,110,188,237,667,697,656,60,404,101,439,233,426,665,627,582,87,462,503,614,441,614,663,600,699,513,565,626,34,45,607,373,721,372,672,336,748,673,438,612,572,361,679,46,203,354,367,426,203,235,329,227,351,434,434,218,98,391,35,766,574,210,599,87,682,245,138,235,338,370,556,50,328,27,470,742,697,499,16,607,656,644,40,407,452,166,656,373,567,517,10,26,423,195,445,162,328,278,567,272,373,750,451,307,624,438,361,662,480,324,727,391,152,510,370,400,486,722,617,257,110,510,510,558,688,119,697,303,717,79,316,320,770,4,455,232,154,10,212,396,44,597,74,510,454,781,80,211,468,515,100,6,593,568,393,205,695,588,629,424,424,502,129,622,422,616,319,306,301,371,578,480,453,145,178,511,554,342,581,577,356,497,688,457,668,298,689,694,48,429,341,542,167,472,137,389,66,233,294,215,145,37,339,264,630,265,641,239,132,9,101,236,216,36,392,544,550,512,615,209,714,772,312,136,430,714,471,625,523,87,66,145,247,740,413,54,244,493,132,684,657,665,407,573,113,719,265,327,694,499,157,184,258,70,183,622,581,772,43,584,391,127,42,159,194,292,248,259,344,149,590,297,359,573,381,640,601,364,87,376,37,748,599,42,266,373,153,668,551,572,41,372,81,290,207,68,534,26,551,377,356,748,441,318,417,499,142,87,137,415,570,199,222,691,621,415,367,276,615,162,564,215,703,303,574,7,419,123,516,548,579,780,351,733,15,674,595,706,196,34,147,276,733,421,56,618,422,179,782,69,1,449,506,529,499,461,606,773,81,50,216,90,173,513,737,31,715,183,551,771,150,606,355,575,167,364,528,762,15,691,171,231,133,510,656,511,371,304,485,145,170,458,440,726,216,466,168,76,454,574,772,253,734,305,594,98,165,256,643,122,187,149,162,156,148,320,345,256,287,199,293,732,172,776,291,783,688,608,752,668,650,244,507,509,138,647,737,205,214,74,288,651,105,620,572,312,92,662,735,473,607,266,284,52,132,358,329,65,416,364,663,149,699,416,498,271,661,547,138,240,398,132,667,193,481,231,508,443,652,250,249,492,767,533,663,753,482,401,299,321,130,239,739,685,578,84,693,627,640,217,121,140,688,48,130,572,236,351,303,346,458,634,532,260,53,160,98,571,485,371,229,142,79,350,44,580,645,588,609,452,156,627,425,705,736,193,446,414,200,280,24,50,83,635,640,670,693,727,315,350,215,199,761,240,567,351,596,773,635,500,364,657,96,583,708,734,114,352,239,594,524,336,119,423,37,372,766,769,300,316,337,208,769,92,45,114,394,567,616,372,425,14,726,315,543,315,450,74,242,143,307,744,434,91,761,163,441,495,627,440,556,650,161,489,276,551,243,766,204,149,169,89,175,230,59,629,619,309,362,539,251,292,125,357,29,46,716,54,94,16,224,143,379,165,155,219,118,9,529,401,667,358,265,693,156,322,440,632,457,413,98,332,541,240,590,179,217,367,691,702,428,329,281,371,763,392,772,405,240,732,612,481,492,554,516,254,39,208,421,646,645,494,446,667,63,778,609,696,231,483,13,565,53,42,270,486,54,747,6,54,621,738,425,7,381,119,747,560,636,646,266,385,23,598,5,20,510,214,381,535,177,342,663,782,130,341,391,747,158,276,51,261,681,311,255,517,126,170,552,768,466,613,180,633,321,73,621,228,384,418,50,545,755,208,19,752,438,769,533,147,714,204,307,254,703,19,726,506,504,519,337,427,482,63,417,408,172,688,466,431,389,574,66,461,374,174,428,608,83,775,121,645,621,96,533,162,34,184,179,85,8,325,704,543,315,111,194,225,718,432,585,660,63,133,175,119,731,515,714,352,330,44,651,625,357,157,630,351,724,776,366,68,672,708,172,536,154,305,730,752,471,376,380,684,640,246,91,328,626,147,607,428,376,133,172,426,25,544,426,138,172,189,246,58,200,631,699,505,575,519,572,766,612,62,533,419,380,345,74,227,315,438,628,244,354,511,182,597,458,494,37,103,392,414,395,20,237,207,463,213,583,217,716,656,70,369,55,183,782,199,93,250,776,501,547,317,598,749,368,703,295,301,566,553,33,279,54,437,140,543,303,731,406,632,647,190,552,513,247,273,91,345,699,400,569,516,723,775,653,230,350,618,250,25,233,126,406,441,375,737,618,181,531,274,528,710,662,666,472,590,476,758,767,146,661,155,15,655,592,258,459,489,370,408,624,490,682,107,338,91,230,693,620,82,399,727,21,305,379,611,118,183,157,158,629,559,575,525,96,680,583,657,168,23,67,214,118,336,442,469,185,666,9,568,762,195,421,433,764,270,497,742,280,636,385,192,703,136,304,38,585,46,226,495,150,6,543,360,97,698,328,205,680,315,633,271,560,139,69,429,209,494,332,571,405,390,22,257,330,761,664,758,434,727,174,264,404,123,306,512,754,546,143,514,223,771,452,468,750,180,671,781,246,584,514,706,354,291,588,73,207,552,398,300,284,473,536,373,147,735,284,128,631,715,682,377,727,190,512,265,329,662,655,495,746,8,557,289,194,173,268,682,415,490,743,56,729,457,117,725,446,384,315,417,752,512,706,751,190,329,483,743,64,541,669,711,161,377,390,754,274,510,473,736,524,506,379,123,777,173,433,576,192,567,714,411,688,463,8,302,16,688,42,774,676,346,460,312,78,641,518,741,56,268,329,722,370,526,721,317,766,460,458,703,199,248,316,153,600,498,781,750,432,186,282,760,593,561,134,104,193,468,509,526,161,413,776,174,760,387,476,267,246,573,194,390,97,712,502,582,340,457,170,74,437,454,128,3,583,706,14,485,417,309,232,764,504,546,768,616,491,746,759,326,87,123,551,262,648,525,92,54,668,184,619,265,621,723,512,380,79,611,18,172,471,45,767,743,349,772,243,702,381,218,660,127,409,186,287,735,245,413,587,665,175,298,359,61,182,299,588,83,534,675,340,188,736,99,575,601,440,346,25,422,90,419,199,707,431,607,361,537,746,269,531,750,202,741,701,652,471,83,505,491,684,175,406,715,244,625,521,392,474,299,740,430,608,99,453,601,206,689,66,109,579,281,600,100,276,178,237,757,305,343,249,14,351,342,398,629,333,342,779,697,682,151,427,648,279,181,84,473,423,129,12,346,749,256,197,314,299,257,238,328,8,485,216,354,75,134,439,253,646,390,588,31,304,435,767,568,680,545,581,204,286,70,471,394,125,115,155,157,211,572,4,610,405,684,479,111,210,467,169,518,167,663,269,216,147,495,506,292,253,404,78,371,722,73,457,388,90,553,662,602,1,343,481,684,37,442,534,466,702,336,229,329,234,473,668,575,178,383,101,783,440,132,766,156,673,203,119,5,452,677,39,195,518,701,518,439,208,26,523,388,69,115,220,518,338,30,248,589,266,702,543,777,277,413,629,296,338,669,468,400,70,652,131,461,780,429,766,127,233,81,363,749,349,44,481,535,301,668,277,195,759,595,120,771,504,495,132,152,301,35,351,498,51,172,288,767,44,342,16,694,43,474,616,299,627,134,502,713,126,93,51,334,132,254,192,132,145,745,602,474,559,137,323,14,664,570,251,703,654,291,746,746,245,220,335,517,666,571,772,417,51,460,5,472,109,154,583,363,150,316,735,360,207,117,615,199,756,692,781,304,379,622,169,642,457,684,745,365,433,296,123,1,324,274,555,235,650,269,97,109,568,596,655,580,63,138,315,133,112,614,645,610,351,109,665,148,471,513,407,729,278,313,737,489,332,147,527,501,500,114,546,569,534,187,635,457,508,161,97,671,591,129,392,86,271,586,262,80,147,323,559,105,120,603,199,632,706,87,448,731,180,275,328,738,637,69,341,186,185,335,211,761,729,415,429,592,754,303,607,496,393,65,685,187,446,696,518,613,18,316,79,205,669,105,173,52,6,144,397,234,431,21,439,53,123,114,493,717,197,155,339,99,197,624,605,496,564,769,740,33,758,182,503,331,381,58,90,530,303,639,84,328,381,272,235,435,313,286,177,234,544,62,356,164,299,109,702,771,413,214,403,417,357,247,756,654,715,169,63,601,542,569,557,101,658,580,147,338,783,442,738,646,552,103,615,19,371,585,11,60,439,779,206,568,171,391,109,412,560,351,200,566,735,110,298,695,630,758,31,290,81,445,411,646,420,714,441,259,432,711,473,566,139,744,399,575,577,77,36,583,518,499,609,272,224,2,81,615,668,496,672,272,528,291,386,453,163,160,600,771,72,386,769,612,61,426,626,100,52,371,583,268,513,265,743,87,718,161,589,451,91,293,255,574,402,628,197,729,51,460,114,513,64,313,709,352,382,75,218,730,621,663,31,212,360,600,197,170,772,72,323,767,145,624,660,481,478,221,498,579,631,498,637,190,38,45,501,355,558,488,369,703,732,128,469,717,356,685,780,31,189,175,437,714,501,597,605,310,109,403,74,761,174,366,766,630,584,164,102,48,103,686,168,541,90,425,20,335,581,307,273,486,88,592,624,413,170,26,398,760,501,423,591,530,521,58,781,457,198,40,512,52,266,19,724,765,610,592,748,619,247,219,420,384,732,344,554,773,363,140,650,446,160,4,593,110,500,272,685,768,39,271,169,389,569,192,749,499,264,271,508,737,336,380,198,377,127,109,602,731,577,338,670,391,382,73,368,212,379,763,508,478,613,15,26,494,592,391,276,97,467,251,432,276,540,252,218,396,111,609,264,61,588,419,737,20,560,161,367,191,522,702,358,392,519,643,106,102,428,441,684,262,395,428,253,197,483,176,213,212,504,12,246,179,344,717,189,96,649,632,20,589,672,221,454,138,291,330,740,155,494,43,291,78,238,65,581,143,87,293,706,482,303,633,487,711,231,527,509,257,207,669,471,183,337,236,759,301,43,498,482,103,740,267,462,783,541,708,762,436,568,504,783,222,364,455,361,689,617,102,432,649,352,557,373,266,98,217,553,575,521,624,125,647,497,167,192,691,652,367,529,761,34,503,383,214,215,402,46,693,712,377,340,568,676,107,597,533,67,754,241,159,737,400,444,199,203,618,746,465,699,545,427,67,319,120,647,233,760,220,567,37,666,272,107,466,279,521,106,467,232,243,73,72,771,57,655,129,702,575,513,671,195,705,640,79,276,361,155,9,262,147,168,191,669,238,715,177,100,132,55,151,663,180,320,411,371,521,525,378,23,289,563,127,779,167,168,19,713,607,118,19,611,236,293,338,73,684,537,139,190,739,695,141,781,600,21,456,448,297,222,441,716,512,694,359,331,600,389,283,322,5,466,120,780,389,309,565,717,173,634,642,529,6,372,100,576,536,465,328,699,625,763,65,43,99,100,90,338,759,82,598,670,191,526,517,733,668,542,406,748,618,389,597,42,144,130,120,671,159,421,355,153,546,559,250,409,715,668,429,386,47,566,318,129,113,83,614,10,725,703,336,171,152,206,9,114,500,749,765,14,599,129,687,494,248,541,329,63,371,248,382,586,577,225,299,87,625,554,545,13,552,600,718,707,446,268,260,608,4,756,426,79,234,101,506,741,775,367,645,609,431,581,408,79,648,593,305,616,374,102,359,193,116,576,312,684,468,65,512,32,319,635,412,525,259,46,537,261,138,68,196,357,487,344,498,360,137,305,177,254,128,351,127,184,587,162,523,608,387,373,253,296,645,154,405,145,462,742,783,212,210,265,422,755,18,121,673,741,461,121,284,440,413,62,602,532,390,718,544,762,754,477,211,510,657,70,92,166,775,169,138,401,161,409,563,472,500,134,548,271,355,583,164,778,351,45,160,290,666,514,82,723,638,324,602,92,288,257,619,176,627,66,172,689,575,153,573,560,491,558,521,358,452,599,696,224,536,433,768,549,462,392,575,159,604,29,533,693,674,736,619,314,311,707,391,581,516,98,190,649,772,343,191,54,420,468,664,63,323,572,71,783,713,605,525,36,250,505,691,113,123,327,714,72,118,462,473,375,121,683,613,339,413,73,633,152,363,331,609,204,230,540,238,782,564,754,260,235,197,112,186,224,307,197,544,433,489,713,619,554,92,506,678,264,271,630,343,565,109,122,328,338,11,318,656,386,696,612,75,31,413,488,528,164,646,222,544,418,561,541,366,355,718,227,269,115,593,34,435,715,304,725,438,251,375,574,292,502,153,630,571,136,270,662,272,764,506,238,138,709,95,623,189,466,676,270,556,389,350,343,240,724,15,658,149,614,588,219,117,1,418,764,741,565,757,372,504,535,14,38,683,617,711,275,756,510,250,562,526,767,203,232,178,274,638,139,495,358,640,630,701,158,650,193,427,203,59,2,460,759,188,248,236,571,465,52,455,529,726,337,677,113,124,258,538,369,261,479,738,312,346,109,191,445,510,590,129,541,477,596,241,187,307,335,431,388,239,398,545,628,118,28,253,739,768,519,640,431,373,448,34,184,59,123,36,777,280,684,335,307,778,644,754,434,547,399,517,244,676,19,145,370,233,685,192,616,221,558,350,373,397,712,509,630,564,345,557,481,540,659,330,671,176,213,665,535,498,602,163,400,441,330,367,581,59,305,428,610,706,470,476,461,249,737,46,3,441,293,633,75,180,262,696,694,752,47,433,612,197,534,767,420,296,565,368,96,245,45,122,172,370,3,203,270,265,202,397,494,566,752,302,641,182,212,522,117,109,5,57,351,474,597,298,509,516,567,571,584,124,475,226,618,49,355,299,429,170,593,744,712,669,362,40,644,518,395,176,554,149,85,54,512,589,425,507,762,140,405,20,710,747,444,463,127,202,145,186,687,427,730,395,572,666,212,3,678,611,116,628,690,217,775,687,564,523,326,302,583,240,55,545,337,468,744,755,457,385,29,441,339,114,601,426,81,381,8,577,29,502,739,54,327,485,306,462,389,123,489,287,539,495,668,527,304,15,517,186,497,754,584,752,4,334,25,92,385,323,593,539,377,277,578,81,744,596,599,194,113,530,713,252,116,267,592,12,503,382,779,107,124,514,731,422,562,364,232,285,399,120,743,393,24,217,32,144,556,736,653,66,339,684,570,607,2,596,769,603,232,681,114,699,104,66,165,173,757,472,602,20,291,587,129,379,500,278,338,185,606,176,369,215,340,23,606,448,489,496,78,203,616,436,207,301,193,250,306,198,68,244,82,227,186,666,195,7,184,735,520,760,306,153,186,684,746,744,302,457,321,260,213,321,59,57,345,230,47,408,597,16,90,233,450,275,634,176,696,160,297,259,700,655,220,779,156,272,143,31,746,452,454,698,241,203,62,163,113,632,558,541,725,133,6,84,553,342,194,684,322,390,527,131,68,191,67,205,38,697,346,394,103,662,87,463,330,245,447,453,10,704,186,718,22,26,281,375,389,146,577,780,169,174,174,366,312,294,349,573,44,428,520,645,36,731,147,717,546,699,304,48,251,527,96,471,603,553,79,220,320,723,545,359,634,268,411,342,6,402,198,553,743,454,730,251,168,529,303,524,628,152,41,489,203,342,307,397,528,629,737,626,564,462,191,122,122,766,199,679,270,430,212,588,605,221,635,356,129,753,283,772,728,153,337,216,626,780,683,738,569,611,720,376,197,226,71,499,768,515,39,207,703,302,561,460,732,690,599,446,584,595,744,628,124,721,638,691,687,489,41,621,90,459,369,768,386,431,14,481,181,396,399,318,549,162,625,176,718,368,730,70,301,149,643,130,644,182,365,683,570,275,734,528,743,345,67,196,225,490,321,755,467,287,80,6,207,663,296,288,509,480,602,446,309,607,308,177,71,746,321,95,423,428,328,695,620,547,592,710,715,679,758,433,241,96,708,229,574,729,60,270,217,159,236,506,509,163,53,566,495,20,623,466,161,622,490,707,156,88,292,687,168,471,25,651,300,292,647,124,614,753,699,523,483,397,396,396,141,512,128,135,390,360,278,279,306,504,699,254,531,186,608,104,559,164,365,719,293,16,529,466,82,499,555,4,219,350,91,716,676,107,490,3,504,736,743,458,591,274,485,586,404,698,544,106,431,426,673,113,200,638,338,735,179,133,377,427,687,438,365,503,470,463,272,488,267,587,106,400,114,713,256,192,674,770,459,563,331,130,122,39,295,558,163,615,458,307,205,701,139,15,673,461,232,9,12,705,134,186,168,328,182,334,641,667,154,456,15,750,581,73,139,534,571,502,61,338,411,278,79,609,750,723,469,618,138,403,203,632,279,757,642,80,355,171,135,35,328,306,162,665,147,87,721,498,712,307,645,634,442,292,220,295,628,141,315,406,516,84,262,350,553,522,199,695,377,454,479,381,400,82,130,139,397,443,782,493,316,372,437,747,430,638,510,521,574,279,193,274,537,355,465,199,656,564,174,701,297,482,507,157,525,289,33,129,290,521,697,124,640,508,581,499,547,758,142,363,11,557,67,482,332,309,494,764,386,717,549,383,347,616,81,754,497,303,520,99,25,234,629,759,75,522,709,110,374,271,245,385,554,92,514,564,331,439,358,576,338,385,689,192,42,409,683,518,540,758,619,196,666,238,702,764,381,91,243,312,381,388,286,55,585,652,336,477,530,460,121,113,664,515,561,518,47,389,387,427,691,319,88,610,602,761,498,21,418,629,181,450,462,413,475,291,263,278,645,417,62,487,464,519,570,410,216,585,436,86,552,705,765,681,670,783,82,608,418,670,284,728,415,687,327,67,680,217,421,491,223,196,63,390,482,589,777,331,33,198,630,527,440,369,730,653,226,734,774,530,555,310,646,49,513,578,465,448,289,731,656,421,640,613,530,772,212,172,148,326,240,534,618,104,189,63,188,222,750,730,275,74,194,661,244,497,91,7,326,362,520,727,169,738,420,34,590,640,635,773,163,127,182,485,508,396,449,530,225,411,370,343,556,60,564,548,546,190,529,450,567,306,640,87,401,280,563,290,741,56,707,662,487,304,506,150,536,676,231,11,418,142,366,589,294,671,336,65,633,615,676,677,491,131,338,353,76,631,127,297,774,34,75,604,299,736,121,276,734,747,216,279,280,516,145,438,49,569,560,377,390,407,627,20,247,669,531,186,447,119,512,232,173,673,479,697,274,41,499,690,172,492,658,671,53,590,618,365,283,275,191,604,71,271,38,743,37,686,168,116,64,233,558,544,483,328,64,365,133,778,592,401,354,776,317,413,619,378,580,23,593,363,618,625,764,19,243,628,694,410,387,250,453,763,371,81,216,401,674,440,513,25,679,85,653,336,673,28,118,318,33,190,557,252,761,139,580,331,387,620,596,647,713,6,775,753,732,589,747,678,540,406,142,226,469,285,495,39,252,362,511,599,368,439,538,420,425,694,370,584,2,213,569,301,407,776,178,382,470,133,250,655,701,37,399,5,488,52,10,333,297,690,559,682,595,74,633,633,266,653,563,504,543,55,530,73,104,684,186,142,742,203,449,166,215,207,518,317,162,124,552,558,114,769,616,135,198,278,591,142,328,485,336,395,168,738,117,184,593,658,424,261,382,635,291,415,115,509,355,701,444,354,132,382,159,721,141,142,275,59,636,350,680,4,400,766,375,684,74,400,44,156,9,159,43,576,144,683,196,666,174,482,324,623,527,173,510,526,684,570,109,365,641,153,341,246,643,712,465,512,414,663,755,600,120,635,34,601,158,96,471,418,83,538,5,374,321,433,145,781,216,539,379,609,283,690,204,594,626,439,36,147,473,86,5,535,758,713,597,314,693,723,751,380,339,519,119,755,50,701,74,245,739,652,396,657,260,710,772,716,372,101,646,496,751,375,106,413,288,87,153,771,380,359,244,303,610,528,189,361,756,86,772,148,335,485,709,416,219,503,187,11,771,348,113,683,655,152,76,181,91,511,530,633,433,39,166,617,227,558,600,284,467,427,335,750,32,55,279,332,24,35,530,632,661,459,285,635,335,678,682,218,720,382,61,30,188,737,519,776,597,89,642,165,489,1,752,8,172,710,331,123,165,749,87,110,321,493,272,430,469,20,416,674,482,390,583,182,158,710,399,336,232,600,519,453,647,17,463,766,223,387,143,142,642,45,531,710,300,244,290,678,226,733,183,206,211,672,94,435,455,361,500,762,601,620,259,765,443,30,451,437,114,696,262,472,100,728,503,193,417,68,602,598,151,544,358,728,443,121,773,362,349,40,365,176,277,361,505,316,400,335,117,3,777,493,19,26,744,96,62,16,323,499,112,203,561,554,500,220,93,685,378,614,604,164,399,593,19,94,181,298,587,583,504,235,318,556,506,702,561,749,638,554,44,308,228,780,608,536,699,332,426,172,769,137,651,682,84,571,263,50,356,700,449,671,682,502,635,637,445,278,749,191,410,586,384,10,519,650,394,35,9,449,749,313,203,169,373,625,324,515,476,600,401,360,564,484,70,279,664,290,520,546,499,580,324,160,525,633,304,41,632,3,573,153,486,442,538,227,384,280,88,738,371,85,560,409,175,300,59,718,560,769,393,300,781,144,554,747,60,342,673,677,486,394,243,702,509,87,751,315,512,559,459,32,526,491,607,90,747,337,617,685,38,356,721,638,15,188,524,531,85,757,661,30,275,199,245,352,725,553,45,774,170,684,597,372,165,175,565,364,492,49,418,87,532,204,410,670,618,498,324,484,554,35,488,751,344,235,697,513,515,606,730,8,775,283,436,271,392,253,257,284,401,304,2,185,769,340,59,268,54,370,76,11,454,408,632,329,688,51,635,679,68,87,702,67,245,166,529,245,187,119,3,169,474,502,49,626,539,115,443,280,46,327,751,546,283,710,739,122,404,114,619,571,738,655,601,599,111,360,251,154,757,91,383,331,156,111,77,602,659,334,549,287,599,197,30,143,245,232,497,568,719,381,728,141,265,764,658,491,114,566,129,567,545,287,197,492,634,643,11,651,433,638,476,369,225,278,501,427,773,673,540,747,267,258,518,431,348,24,4,735,136,460,99,747,574,180,502,667,550,23,596,356,230,544,285,677,781,510,172,133,561,566,535,388,134,1,249,67,362,302,749,108,324,596,696,668,560,454,488,446,467,92,722,430,585,280,498,228,338,713,388,388,191,233,167,377,206,508,489,326,778,631,106,455,773,630,48,770,296,309,687,49,243,514,507,337,512,756,483,474,533,83,501,486,371,555,451,704,450,355,87,476,701,751,170,750,201,707,521,65,744,431,480,229,253,426,282,623,419,690,99,5,550,360,742,170,505,114,533,48,723,8,172,777,149,270,317,28,519,126,281,172,612,593,726,743,503,480,85,64,121,438,444,724,2,250,509,629,709,476,353,308,712,55,187,383,490,44,427,49,138,373,727,447,600,377,200,671,543,599,721,288,730,500,132,410,9,45,779,315,201,445,671,209,675,385,117,93,442,717,444,79,131,338,689,646,7,402,160,671,62,683,710,456,505,192,38,608,427,469,247,141,328,135,319,372,682,470,316,431,457,616,383,52,478,594,61,106,368,728,607,93,301,514,469,43,406,305,442,674,207,226,661,663,93,57,699,668,386,304,67,197,320,587,572,199,75,300,672,773,269,182,270,167,630,213,251,733,526,185,231,290,747,326,628,239,704,557,659,729,443,35,397,724,127,358,620,560,575,260,431,198,447,364,430,658,599,50,409,596,193,606,697,199,649,209,202,600,35,755,526,325,39,494,722,243,327,747,180,227,448,9,303,220,706,673,538,656,726,480,212,683,652,329,161,180,450,39,69,316,173,396,597,387,288,246,411,17,539,455,726,402,132,607,651,730,511,542,585,545,523,732,456,382,39,49,152,302,383,380,620,144,287,356,768,5,122,27,149,390,595,673,165,279,190,541,400,572,738,591,751,50,644,253,462,259,112,754,150,9,466,35,645,215,493,471,755,325,207,319,136,218,147,264,555,685,247,68,482,661,632,372,261,717,727,630,231,62,622,294,588,379,79,529,284,512,522,553,701,709,54,328,418,233,631,666,179,408,328,297,582,254,451,519,188,587,299,761,344,220,762,589,383,545,705,644,190,646,213,7,427,1,12,370,215,380,18,475,62,574,422,558,537,626,684,69,575,731,63,224,678,186,671,419,712,220,583,111,402,598,464,116,117,163,473,736,174,139,670,388,393,280,121,335,701,487,283,464,146,537,10,463,191,154,234,117,202,151,535,541,717,301,345,335,292,15,570,423,743,295,569,658,620,463,295,351,50,485,708,143,60,415,756,738,690,654,601,579,27,290,361,542,717,94,477,693,643,551,507,370,625,442,530,173,470,616,44,56,195,577,12,493,255,459,759,416,688,314,270,199,303,388,424,695,588,242,409,578,511,310,549,83,178,315,81,269,574,447,308,198,41,749,668,687,359,406,461,105,82,153,47,606,88,621,563,482,753,348,172,159,400,702,294,176,359,609,431,544,574,509,2,389,72,259,495,616,3,34,747,367,740,59,340,772,41,667,359,161,506,642,605,622,420,581,725,637,696,155,94,519,750,354,5,598,9,717,189,678,468,261,69,374,676,186,377,686,752,171,764,71,343,131,255,499,30,494,120,455,236,53,14,419,185,697,552,112,84,443,621,82,338,473,32,217,554,352,222,128,117,568,649,104,326,310,773,618,209,13,575,610,409,322,447,317,4,129,640,446,144,574,426,158,102,548,14,522,116,330,686,781,342,146,456,272,420,222,120,11,79,474,724,17,251,761,445,731,327,356,414,646,260,475,641,778,522,464,639,355,368,87,62,476,85,320,760,237,517,561,741,668,495,465,147,348,652,774,610,442,232,684,159,98,557,779,39,237,108,225,11,74,631,363,452,295,743,464,405,407,620,671,711,605,458,756,375,773,246,159,103,46,149,699,717,673,472,117,285,597,569,680,335,301,102,505,666,520,342,418,31,594,647,73,191,111,723,583,295,385,766,565,705,442,201,365,259,195,22,273,165,590,290,186,728,641,287,295,720,611,555,119,471,486,578,633,74,742,662,200,60,783,584,632,187,521,95,620,4,664,121,191,119,165,355,24,650,345,5,274,282,396,41,297,197,723,522,599,133,136,218,384,729,462,313,239,35,736,564,609,310,566,367,276,580,553,783,156,548,460,179,485,24,135,657,10,321,139,232,176,655,300,141,337,711,61,568,555,238,399,577,762,727,611,583,305,125,47,183,587,691,706,529,445,38,556,133,244,293,735,731,115,58,667,456,36,349,417,367,237,708,92,612,774,675,703,588,548,412,447,607,81,167,238,86,673,373,62,458,347,516,568,196,612,174,132,783,9,503,143,595,138,33,300,260,663,275,624,105,91,394,13,80,440,85,653,13,681,692,95,326,571,200,545,739,62,314,104,391,288,432,671,426,683,18,20,26,183,433,473,418,745,770,452,574,216,344,298,214,555,9,180,684,137,192,3,717,242,639,743,228,451,45,686,644,1,584,314,468,712,182,192,505,336,399,321,585,168,162,58,119,632,505,161,143,129,97,41,473,355,365,421,99,526,343,517,732,293,293,218,456,214,271,277,347,588,727,145,139,549,378,735,118,782,387,196,220,452,535,640,450,273,392,749,354,685,260,460,479,128,377,17,203,278,382,555,665,293,130,369,512,779,486,464,108,462,456,648,17,631,153,91,63,177,79,317,782,705,693,195,339,456,27,7,160,210,358,690,488,353,576,507,578,91,359,264,95,506,549,735,110,252,537,577,610,235,242,24,383,117,575,342,274,703,446,26,481,727,265,136,520,3,771,737,719,458,670,411,280,154,307,351,504,625,427,335,366,760,475,347,749,402,674,112,122,506,432,35,228,152,646,479,487,274,335,42,338,167,178,616,611,115,259,163,54,147,716,213,229,241,686,405,145,782,308,146,624,16,532,611,337,114,354,641,698,134,126,322,201,397,661,646,697,595,489,54,353,550,721,684,311,385,331,316,658,300,673,185,420,80,177,65,581,737,163,11,490,88,170,675,277,701,459,16,106,702,576,408,455,413,578,610,494,479,269,733,176,253,234,728,446,68,395,501,28,381,596,534,136,451,718,310,25,276,699,335,212,458,256,635,320,605,387,389,408,364,320,712,324,539,313,23,682,348,659,314,50,511,115,756,408,679,718,597,674,646,666,620,438,611,419,575,765,685,762,272,323,105,211,509,562,382,561,673,502,691,388,648,341,151,8,480,498,735,46,549,462,407,309,148,645,231,53,264,513,383,170,506,397,721,276,28,307,463,665,572,536,665,504,770,285,765,555,157,161,149,679,496,195,3,526,433,39,123,722,415,308,213,358,99,454,778,416,267,44,670,93,425,529,680,568,657,78,173,480,239,317,122,171,26,147,680,159,37,312,222,117,521,437,735,715,555,705,571,625,237,738,502,674,470,186,670,543,520,490,15,639,335,29,748,59,368,601,628,329,743,760,160,124,614,698,361,519,71,101,214,759,583,270,436,23,207,479,58,478,324,378,409,537,173,260,505,10,352,259,374,428,390,212,253,415,778,699,476,105,505,149,333,759,300,150,97,139,775,598,554,657,686,232,600,228,478,644,421,87,57,719,174,707,638,317,386,188,499,298,100,225,211,714,469,491,554,525,421,749,627,111,616,462,412,295,497,587,495,349,338,753,288,469,636,272,10,300,683,327,528,310,703,534,337,569,612,634,88,435,142,70,171,371,528,569,246,204,109,325,64,519,134,405,605,253,367,255,29,690,691,500,329,622,67,12,638,20,220,536,725,363,611,721,20,668,566,536,724,39,259,132,412,461,478,752,637,276,129,703,388,623,158,576,762,301,546,780,256,519,392,257,63,673,515,298,139,119,14,767,479,399,741,525,135,440,624,516,639,671,85,472,274,357,513,677,268,463,515,313,730,775,372,349,390,684,323,250,130,719,283,218,252,583,603,342,253,241,554,725,153,138,368,418,679,27,322,109,413,306,701,331,591,291,554,293,709,513,517,129,418,467,746,451,103,656,534,394,244,748,103,750,248,502,391,254,244,524,538,553,312,653,180,674,488,176,416,409,480,480,539,410,540,69,639,486,723,731,63,103,598,9,313,563,141,293,669,684,2,11,755,582,460,657,227,250,545,327,594,207,228,598,47,377,527,576,649,239,664,267,675,121,318,602,635,184,442,705,569,201,239,242,491,440,402,110,214,342,431,86,201,767,215,740,38,775,598,106,778,783,248,714,395,291,457,114,693,742,439,751,699,678,518,226,706,610,79,610,358,262,392,427,387,167,476,476,443,6,683,681,532,580,534,334,696,524,15,327,382,471,517,730,395,512,169,343,756,63,562,719,746,44,211,565,336,687,480,322,51,699,109,292,707,311,585,579,363,677,215,298,39,116,124,336,632,456,191,650,622,283,580,516,135,246,50,373,91,186,219,581,483,442,9,714,235,550,353,29,208,671,129,708,684,536,477,356,666,617,40,751,168,319,466,199,119,497,18,358,288,211,57,573,421,618,390,60,239,557,174,333,476,522,662,289,185,32,429,608,331,168,706,131,659,579,736,206,438,571,167,320,105,228,773,713,257,601,764,687,440,497,659,476,242,315,483,283,704,35,390,506,20,529,728,456,634,187,604,718,710,26,327,287,544,666,544,711,222,216,154,404,627,520,700,593,176,106,711,377,397,642,255,46,53,150,179,72,717,112,564,745,640,641,95,388,181,654,355,131,245,714,750,438,34,86,139,89,253,762,76,329,425,1,532,177,72,271,64,314,749,673,100,64,197,783,134,294,760,313,761,51,314,189,780,608,101,3,493,778,757,38,481,489,325,485,85,268,427,516,263,771,460,318,434,149,476,679,625,316,86,539,767,664,148,477,506,275,76,41,757,423,294,60,370,559,400,616,657,463,22,631,642,722,183,427,644,80,371,607,403,75,359,194,671,423,529,545,587,84,202,521,481,431,160,641,495,425,127,574,514,326,539,363,518,67,183,303,460,449,392,716,91,78,268,390,346,294,535,301,624,79,184,394,17,565,281,424,755,25,692,567,760,412,528,485,645,523,584,333,100,556,695,140,310,468,170,387,21,6,584,158,241,580,309,420,519,128,604,497,619,439,117,521,299,385,141,39,612,454,67,125,769,548,507,547,241,123,116,119,758,524,731,278,70,753,380,621,140,332,472,619,512,611,348,502,716,206,123,642,566,390,443,403,528,618,744,566,422,559,94,265,159,243,321,462,251,218,695,502,42,206,447,377,123,565,71,169,274,216,49,598,120,506,195,271,540,360,689,80,505,129,645,133,282,527,305,748,345,446,310,234,697,670,186,168,609,727,638,695,430,7,390,104,609,743,648,484,341,738,282,470,160,192,738,480,594,514,66,40,603,421,775,544,15,324,275,572,101,516,165,195,175,598,599,368,571,772,82,537,783,589,643,719,587,460,570,27,46,323,455,269,148,601,433,626,258,640,421,236,61,15,633,202,32,43,214,644,126,244,252,86,127,445,687,584,384,148,6,27,742,299,593,474,690,338,676,699,222,541,149,261,298,622,374,107,473,643,692,698,692,108,483,105,718,693,664,295,554,400,624,606,772,527,197,149,375,142,218,67,83,88,305,700,503,427,352,324,675,196,210,79,699,266,307,504,702,701,712,745,402,287,487,194,716,545,123,774,192,525,408,582,158,758,572,70,21,438,208,758,449,675,92,700,100,766,402,523,547,343,410,295,381,372,549,73,640,6,326,619,596,220,612,484,480,421,486,69,746,64,334,299,430,672,184,633,269,711,347,658,344,571,741,472,239,618,375,329,311,467,52,39,253,147,605,679,620,199,610,187,305,753,34,535,561,523,566,468,267,512,588,14,570,378,387,290,92,244,120,149,211,34,503,22,103,194,346,414,448,581,229,357,772,184,448,84,454,124,334,23,347,539,126,645,751,284,282,353,631,512,23,439,554,112,83,19,214,229,137,656,573,678,581,214,393,703,371,200,124,660,360,216,760,719,385,724,703,616,420,765,189,207,363,475,765,710,51,21,625,2,312,373,271,281,627,243,449,290,642,561,676,115,109,772,301,315,174,691,544,245,673,366,495,252,227,706,755,693,589,563,6,27,653,286,282,520,101,36,728,669,781,370,367,378,148,744,442,347,205,317,435,346,74,233,778,722,16,773,112,584,336,506,414,293,513,66,602,84,739,695,444,677,651,396,612,642,88,664,415,541,765,648,500,622,403,525,695,716,736,330,69,61,512,356,377,125,268,783,747,28,739,461,238,663,727,676,214,683,422,663,611,578,37,192,663,469,204,431,325,409,537,11,316,627,104,72,59,500,67,44,272,159,256,608,582,670,487,416,241,143,345,576,383,322,200,592,77,398,771,678,233,482,303,7,505,306,714,634,743,235,711,683,297,619,394,237,329,309,548,143,112,80,503,399,588,315,521,722,523,495,694,255,697,670,15,303,98,171,202,439,375,110,565,378,478,603,116,171,236,226,480,709,343,669,649,39,3,716,225,718,260,464,100,567,359,661,442,119,375,76,83,419,13,312,230,429,258,439,467,201,113,467,77,688,409,693,571,576,187,540,47,351,186,555,187,453,290,147,690,280,275,585,678,311,283,224,610,282,609,494,166,380,720,711,158,537,756,756,330,8,379,404,267,438,724,102,445,161,409,340,606,348,416,690,423,159,695,364,334,51,447,714,741,639,410,229,74,278,249,82,432,76,584,484,771,711,694,250,48,26,194,381,350,646,77,98,778,771,49,423,267,558,259,570,354,8,42,659,762,268,186,522,701,424,146,338,227,768,420,144,541,132,284,570,781,31,549,28,276,175,623,203,732,3,329,721,696,513,392,370,107,590,646,555,593,39,44,705,613,125,24,57,649,665,471,257,307,708,672,232,75,402,536,380,391,6,231,302,397,535,733,678,172,761,707,782,245,158,602,338,301,698,525,453,726,478,755,642,329,137,605,214,6,306,31,745,703,283,443,47,665,680,54,572,366,183,681,760,79,435,55,172,418,371,160,412,94,625,341,245,309,255,435,275,387,754,413,38,520,253,165,264,634,335,404,302,586,773,509,347,220,754,149,321,227,4,123,65,393,69,46,345,760,555,654,91,356,243,121,14,577,340,485,209,671,521,17,680,682,45,28,152,508,467,686,282,422,639,485,708,244,661,636,327,544,447,757,154,493,7,768,3,335,490,636,246,150,180,719,124,765,498,229,134,477,606,504,265,625,736,751,66,311,610,748,725,233,286,169,232,741,272,322,325,565,217,777,409,377,286,536,371,42,311,154,442,97,280,683,237,144,311,739,210,129,40,603,303,734,419,682,168,330,318,242,481,761,530,291,476,238,270,729,179,326,549,296,523,347,207,573,287,514,337,212,771,215,139,46,670,51,19,524,637,538,645,460,194,690,472,25,361,28,14,285,227,142,728,611,111,406,664,695,135,137,443,11,747,270,425,264,690,70,307,517,693,87,11,248,133,352,449,534,494,46,146,579,1,419,703,390,109,93,677,422,555,109,593,441,556,360,160,560,717,215,503,422,728,160,512,248,69,259,688,524,137,554,221,109,570,51,613,84,639,656,113,162,304,667,459,47,61,233,207,405,445,349,225,589,527,743,62,483,73,470,153,542,276,456,223,106,634,310,545,478,158,210,411,357,157,66,391,675,106,86,622,352,743,130,25,710,520,590,42,573,115,305,253,448,41,223,520,144,293,53,466,581,110,744,454,217,121,447,240,395,438,754,687,553,436,464,42,486,665,509,120,654,284,618,770,15,132,25,312,441,287,562,102,679,519,15,58,103,417,52,328,565,488,418,511,210,190,509,617,590,248,400,681,207,233,295,191,396,562,131,116,722,634,278,70,636,237,103,631,126,420,620,571,495,357,529,47,385,494,479,254,236,695,244,563,543,350,251,21,317,581,327,67,667,752,459,504,79,461,571,542,744,293,580,563,543,267,7,595,569,559,508,150,627,19,556,537,194,739,229,105,644,311,522,434,571,335,674,299,593,483,633,536,754,451,728,210,665,120,552,149,201,710,546,538,94,745,278,719,644,6,401,135,775,232,603,495,237,731,263,547,189,191,185,451,77,163,601,436,747,324,326,504,351,595,563,216,126,625,91,328,154,768,376,494,428,243,735,206,256,748,647,58,454,588,640,365,96,607,623,585,27,225,622,447,133,81,326,450,300,680,753,169,445,281,86,333,34,68,717,296,389,728,79,437,612,448,399,555,660,495,741,504,142,284,13,79,302,441,651,236,526,407,148,153,215,337,647,98,449,489,437,2,472,656,633,610,227,202,613,383,564,242,195,499,638,608,143,502,172,666,525,424,573,251,566,115,380,399,519,392,548,259,459,132,751,639,388,25,744,1,617,317,745,397,85,287,173,7,766,237,274,147,579,462,13,353,156,202,223,386,778,761,230,759,231,468,323,344,15,40,418,395,116,59,22,167,8,460,468,629,101,778,248,547,261,255,711,51,273,443,761,583,134,701,287,9,134,666,366,418,276,248,393,679,663,18,666,453,357,738,76,695,659,375,338,185,367,120,368,313,524,198,123,253,319,313,252,263,445,567,163,440,298,610,7,272,434,377,276,535,376,730,266,523,449,574,115,376,405,74,281,317,439,451,557,254,234,100,137,80,747,106,243,628,511,550,185,586,726,134,191,346,593,218,113,445,223,116,454,215,240,265,349,612,319,300,545,580,703,85,477,340,349,515,157,52,213,532,278,593,725,357,232,747,739,590,261,483,155,517,319,90,437,116,482,39,85,149,350,317,504,740,771,163,318,399,768,210,691,552,639,422,577,85,690,567,483,192,266,682,438,3,508,320,359,83,496,751,492,310,681,90,74,577,603,273,93,154,557,92,360,30,625,437,740,476,728,425,99,45,198,191,706,133,95,5,711,457,316,447,95,698,185,409,542,373,728,777,417,187,613,573,628,407,388,323,255,534,779,30,594,360,182,352,469,719,620,89,728,185,510,72,733,306,152,99,455,525,312,634,550,659,401,552,735,433,398,290,735,8,37,652,193,51,550,105,435,137,25,204,232,74,120,319,120,374,502,536,656,573,777,163,492,636,141,469,609,624,143,265,698,647,409,39,506,347,323,736,181,722,676,580,278,243,277,437,209,273,113,268,75,113,482,360,779,683,241,498,26,248,55,190,58,220,778,704,481,129,611,273,635,69,331,44,225,363,150,688,477,604,61,246,392,751,439,184,429,485,344,162,86,52,595,316,143,123,624,479,624,146,338,316,643,210,282,674,536,737,441,563,387,148,655,180,343,151,191,441,451,146,354,767,733,196,502,125,755,517,657,567,475,457,489,760,549,191,152,118,508,256,423,52,783,373,370,706,7,356,593,182,96,437,33,141,688,461,773,66,166,399,157,168,250,312,348,66,616,361,298,365,565,237,395,710,341,719,295,660,722,598,120,122,636,441,499,57,279,154,264,105,726,487,682,89,208,182,134,503,762,456,83,687,453,312,746,667,67,356,395,31,505,333,118,302,19,516,572,49,668,541,330,584,368,629,680,507,276,244,134,243,222,531,70,76,304,772,67,727,696,384,516,394,725,596,711,523,112,625,774,63,282,485,145,297,734,46,549,285,450,678,376,487,760,175,92,562,483,133,102,49,491,217,344,157,35,666,762,105,460,330,698,130,237,458,247,411,524,25,524,451,225,772,651,49,571,275,406,141,723,457,508,332,146,476,703,426,160,777,86,37,494,432,93,498,160,437,176,386,763,468,711,538,73,87,291,690,36,434,650,324,52,501,439,759,217,636,723,338,494,238,484,11,317,174,622,208,682,764,429,24]

3. what is the type of the thing below?
[1155, 685, 1894, 1681, 2276, 1850, 1036, 1249, 1196]

4.Could you combine following two list into one? for intance [1,2,3]  [4,5,6] => [1,2,3,4,5,6]a = [345,3,4325,,432] b = [343,6534,7,87,3654,654]

5.How to know the email format is correct in the following question list?email = ['shwzh1990@gmail.abc', 'James&gmail.com','Hugo@gmail.com', 'Lisa1988@163.com']

6.could you design a small project: 
 Design a log in system allowing user to type user name and password, give them three times trail. 


7.Make a small project. Read out all the data from question49.json and then 1. delete all content under 1 keyword, 2. change value under the keyword 2 to 80. 3 please add 'my_name':Hugo
 and then save back to the question49.json


8. please remove the first element for the list by following. for instance if the list is a = [1,2,3,4,5]
 then the answer is a = [2,3,4,5][188,443,444,224,397,318,301,275,407,60,396,189,380,106,167,54,454,48]

