'''
 This is the test for Hugo python ability. Test hour: 1 hour
 Author/Teacher: Jack Shi 
 Date: Mon Apr 11 21:21:50 2022 
 Student:Hugo
 
Note: 
    1. Student should do the test by him/herself
    2. Student can browse the python syntax from website
    3. Student MUST sumbit the answer when time is up
     '''



1. what is the type of the thing below?
{'name': 'Hugo'}

2. Could you print out the average value of following list?
[151,200,138,62,334,134,397,132,337,171,227,50,228,270,121,195,217,368,191,355,413,376,412,434,63,347,102,119,181,93,261,68,235,225,231,407,215,253,417,99]

3. Could you please minus each element one by one in the following lists?
[4165,1021,2776,4302,3430,91,2847,1465,4397,1785,1352,2994,1525,2488,1146,2279,4954,2435,3752,2237,906,4093,585,2481,4210,4270,394,2345,3132,1826,3813,1117,465,1461,1897,1723,2937,1946,5262,4150,4943,2324,1796,4972,2902,3603,569,1738,3089,804,402,1604,2464,4754,2815,379,4303,3121,2170,1694,4360,3035,144,3440,516,3580,3160,4422,2616,4563,300,4735,3748,4189,3072,3766,3901,3925,1586,3067,679,5099,4828,368,1018,1561,1302,3421,1579,719,2485,4310,725,2771,3446,761,1175,45,2045,1694,2213,3448,2674,5336,3895,4535,827,4181,601,1599,3565,111,3014,2658,4838,4429,990,1581,3534,3763,929,2240,503,2497,2257,956,5108,2970,1942,4149,3017,1814,1182,3130,4555,4827,4135,4437,2963,2148,559,2521,2416,5337,3271,3657,548,4049,1979,4414,608,2557,3715,620,3711,2251,1005,3373,3001,1958,3048,717,938,2978,2427,4321,3311,1337,4939,3979,939,698,3913,4366,1722,1967,375,3453,2230,258,1072,2556,1838,44,587,2893,1450,2837,2163,2907,861,3672,4091,4510,339,4964,1994,4747,4320,57,3063,4994,2401,3021,4097,3184,3702,250,2653,1775,3961,4203,4875,5305,2158,3393,3290,4414,5113,1353,4770,4651,2000,1284,2746,1560,3371,4343,4069,2612,470,3254,3554,1214,3529,4558,5128,2146,1467,2486,3044,1414,3926,3613,3782,3428,3280,267,203,4786,3485,3335,657,4975,5260,447,2386,3870,4927,1718,2752,5278,376,3572,1054,5025,1646,2820,3636,4434,3649,2243,179,2515,3950,2015,2028,2636,842,2170,1560,5335,3579,2443,2472,3755,1980,4275,676,4620,3625,2990,4777,576,1305,4986,4379,5332,293,3068,3553,3622,3794,1584,977,2871,733,4226,3005,1742,4654,1126,4228,4515,739,2192,379,5156,2021,1301,181,4355,446,5076,764,3623,2717,2794,1854,3982,4146,4458,1303,645,1354,3647,1254,3294,3125,696,994,4699]
[2764,4527,178,2110,4416,1217,2448,2851,3925,3815,3542,5301,1938,3786,173,2711,2260,3742,3089,3331,245,3473,2329,3967,5132,2500,537,3739,127,1776,3256,5000,3252,2656,1104,1863,5173,5287,4487,4421,2503,5064,4141,1696,2528,3749,234,5023,5129,740,433,2597,1145,3877,195,980,3145,2405,2912,2946,4185,5161,1775,5144,1344,4082,2580,4388,731,346,1089,502,1527,5344,2439,3827,1590,3286,881,74,952,5298,2251,1721,2168,1438,3094,4224,1641,3431,1041,1749,3992,2339,3442,1052,1979,1551,3114,2350,902,3725,2184,3559,3856,1925,459,728,4853,4485,3243,1627,3660,3932,3766,4168,4505,1434,1575,1418,926,3743,894,1924,2680,2780,2940,2307,2435,1421,2615,3028,2605,4211,3174,5349,3115,2297,524,4841,1171,3367,2344,1074,4175,287,2855,4840,2220,3063,815,1957,1874,3204,5226,1069,2861,3501,5117,3553,3990,1196,4126,984,4224,1379,479,2675,3458,698,4260,406,2951,2301,1982,4836,4138,625,3470,4252,685,2966,3227,3891,4479,740,4256,2527,5124,1208,86,3806,5334,4760,4322,2531,3719,948,3333,4842,596,1694,1491,1125,1876,3642,821,3422,1001,2309,4348,4717,4944,3912,53,1367,4759,5225,1689,4629,2773,1043,3457,4344,2010,2612,3373,817,1233,2660,2941,3933,4952,3420,4887,825,4703,908,2441,3873,3671,4963,5183,4492,805,2451,2180,900,745,1579,3580,1044,385,1342,2629,2516,3533,2983,4436,5102,3684,3930,1586,5353,5351,4706,4154,804,267,956,3758,4577,83,2706,1309,731,3626,1167,4601,472,1222,2436,4366,3208,807,3685,5103,2399,1516,2798,3869,1542,4639,5323,520,4305,4533,5026,662,349,2848,253,4831,4217,2855,4250,1808,3685,1182,168,4678,3511,3133,3573,2657,1406,5295,4249,3028,2005,4668,2248,3822,4042,3741,2566,2958,4262,3761,574,5153,4485,944,287,4211,754,614,864,5304,1992,899,4802]

4. is there any syntax error in the following statement?
if a == 1
     print("hello")

5. could you remove all of the duplicate value in the following list?
[270,336,231,225,422,376,164,255,393,405,191,423,228,410,404,212,93,224,239,270,44,179]

