'''
 This is the test for Chuxue python ability. Test hour: 1 hour
 Author/Teacher: Jack Shi 
 Date: Wed Aug 10 21:55:55 2022 
 Student:Chuxue
 
Note: 
    1. Student should do the test by him/herself
    2. Student can browse the python syntax from website
    3. Student MUST sumbit the answer when time is up
     '''



1.  could you do a code when you run your code if you input your name then print out hello <your name> else print "sorry i do not you"


2.add all number from 1 to 1000 and then remove all number can be devided by 3 and append all number can be devided by 7 in the range of 1001 ~ 2000


3.Could you generate a random list with random  int element and random list length?

4. could you please print out the same element in the following 2 list
[316,183,913,784,160,251,404,227,474,418,44,972,69,504,444,815,489,826,565,680,73,936,334,696,148,356,465,492,448,842,589,828,704,292,787,325,376,753,750,79,874,547,891,410,308,290,37,912,649,851,326,935,356,924,394,631,835,938,699,878,56,3,414,260,764,942,20,129,386,115,281,939,618,347,534,786,29,643,473,66,334,409,998,625,871,485,262,481,518,876,557,676,571,450,754,930,283,770,329,431,61,443,883,626,46,807,575,51,593,956,595,133,25,958,83,291,708,206,476,823,754,690,479,358,644,271,398,536,108,273,367,474,330,714,939,879,640,242,996,996,683,87,561,706,556,486,877,467,159,46,839,126,474,15,8,932,157,376,266,228,931,512,790,711,130,548,638,634,618,304,287,883,564,494,391,690,176,565,892,683,246,284,663,678,913,107,835,418,78,827,491,925,362,968,335,734,530,620,370,429,947,602,663,209,167,179,743,757,715,593,333,183,592,541,337,342,749,944,822,779,494,696,859,648,579,949,898,216,907,293,106,715,297,317,882,188,661,466,842,679,146,816,548,586,20,419,990,905,822,326,629,679,620,174,222,336,721,571,503,806,255,614,835,743,545,671,601,648,328,502,658,700,680,877,21,688,521,919,342,751,293,49,469,575,820,259,229,605,900,330,441,844,376,768,4,539,164,705,294,703,513,415,864,283,175,634,614,542,83,553,828,640,986,657,332,929,649,874,63,929,440,334,23,58,792,23,974,941,22,604,761,485,796,485,500,618,795,566,865,730,388,19,994,140,953,59,271,150,414,73,86,96,957,199,216,616,664,41,70,873,963,326,149,499,23,454,181,75,458,38,700,770,730,840,805,541,480,116,299,752,423,323,747,933,88,421,58,344,806,997,74,757,506,54,112,406,443,843,402,327,526,101,718,3,88,135,546,89,270,436,287,893,668,485,529,586,253,28,800,931,456,252,197,841,726,891,288,463,728,349,210,351,904,921,261,53,693,988,370,998,879,710,481,661,406,497,173,944,530,944,917,534,798,49,30,75,26,949,705,411,768,903,891,187,346,715,199,911,614,58,510,28,213,344,708,318,828,164,867,92,670,595,405,874,716,84,429,371,600,996,569,599,812,155,973,99,629,545,972,505,565,618,502,293,877,237,325,89,467,759,918,180,272,663,445,835,532,801,388,146,215,224,726,758,991,487,376,616,935,448,905,669,532,444,703,520,955,211,191,975,999,714,937,133,947,374,971,274,771,86,648,535,286,497,187,552,380,983,205,699,883,683,421,448,689,101,301,67,592,320,259,461,76,952,604,297,419,551,124,572,60,980,604,174,454,732,847,62,451,397,818,370,335,454,829,183,537,367,855,672,678,336,500,879,991,701,160,680,565,749,605,264,502,513,892,84,52,977,109,223,696,586,715,112,559,838,584,692,314,827,45,280,568,266,311,797,603,466,407,580,566,703,457,577,822,632,800,582,104,261,886,519,946,475,980,448,71,1,170,88,96,992,80,903,537,461,620,442,160,548,922,762,919,586,215,133,14,511,959,359,470,536,497,852,780,501,970,286,783,742,556,967,531,231,48,387,449,646,601,249,379,295,866,623,703,416,521,734,564,410,787,689,343,799,715,244,575,744,654,745,493,566,405,186,676,766,242,742,161,969,351,268,89,671,224,617,79,297,771,635,417,940,622,483,783,906,315,646,680,629,245,713,823,170,722,676,253,647,180,647,108,197,162,691,922,827,226,297,338,399,613,952,44,374,865,749,123,739,785,103,94,315,879,771,714,97,239,987,137,722,344,682,247,103,665,86,477,149,981,627,658,132,958,895,195,124,761,877,90,690,376,383,989,547,819,137,887,272,869,906,430,775,393,306,111,207,962,182,517,972,434,378,470,881,972,887,931,395,827,374,896,144,687,213,642,21,745,281,511,865,769,114,985,254,306,646,378,973,584,648,809,992,742,647,57,218,381,870,151,650,446,366,478,938,448,743,205,838,955,871,67,831,485,707,7,82,346,264,719,936,284,642,906,659,379,410,591,155,470,715,220,242,807,46,734,686,476,895,190,619,757,984,271,843,630,85,630,719,53,827,893,446,769,643,670,101,693,595,674,518,259,498,593,929,238,765,315,143,646,261,333,41,83,744,185,777,10,413,92,319,562,255,70,376,920,483,269,808,940,768,654,280,716,533,40,126,506,958,708,317,731,536,598,12,474,359,606,97,358,961,110,551,371,235,133,199,859,91,382,533,230,468,141,201,372,563,714,287,709,100,468,624,571,932,60,478,923,577,221,97,395,48,900,255,384,315,515,544,426,559,598,974,88,552,442,826,407,10,714,915,430,510,765,494,197,31,849,807,255,514,296,521,801,880,405,616,68,445,355,312,908,626,413,742,401,941,406,559,339,16,476,57,677,300,292,29,995,407,486,852,114,525,922,320,601,493,880,558,54,596,827,335,62,646,823,518,729,285,392,681,251,265,862,216,286,395,449,694,308,743,278,319,505,573,402,896,250,790,473,822,8,197,184,453,703,199,42,207,17,680,240,460,637,578,651,58,201,503,592,853,127,211,196,696,37,722,728,868,671,231,850,300,921,453,261,328,174,994,171,402,194,944,770,273,413,264,967,910,133,946,352,959,21,271,448,838,620,50,421,952,855,862,728,844,269,843,915,744,687,427,251,882,158,997,115,84,448,249,107,689,84,383,706,966,728,889,781,842,247,579,165,634,43,151,95,47,794,125,434,628,223,34,480,614,346,424,188,746,244,440,571,534,711,928,767,105,416,334,187,957,985,39,462,468,41,388,153,957,298,367,760,925,131,843,113,36,343,389,102,685,84,227,411,805,812,469,29,564,985,567,281,587,337,405,389,109,728,397,695,430,243,34,63,803,890,4,423,443,647,158,917,240,599,392,310,831,246,184,752,294,836,680,936,470,586,377,632,60,548,295,261,348,112,380,669,539,880,702,558,632,283,591,190,690,365,483,546,891,809,865,125,841,40,752,68,165,349,409,5,789,420,908,767,304,616,309,372,96,48,832,640,375,984,125,456,829,380,840,325,769,320,358,44,925,211,856,592,493,429,330,214,114,799,22,572,895,413,107,60,521,518,375,996,665,459,907,269,743,644,139,754,650,669,543,970,496,508,617,696,405,246,983,829,209,164,279,559,781,206,416,891,490,685,114,553,240,999,776,774,686,312,791,617,211,399,444,736,207,325,839,468,810,352,13,351,63,804,268,284,939,88,847,241,922,835,31,771,446,260,86,164,475,397,419,989,516,5,593,876,195,558,481,613,86,984,911,713,786,890,437,508,680,268,475,848,849,549,791,521,374,126,325,72,591,75,277,465,423,153,157,653,344,372,849,98,454,686,835,904,128,885,423,998,414,822,842,108,680,850,27,716,282,332,193,19,143,549,953,868,669,318,583,479,53,529,405,244,246,487,175,408,567,615,851,940,380,427,810,208,511,995,38,903,282,930,336,406,736,137,672,534,45,714,870,233,367,668,930,531,689,606,761,311,288,630,639,260,451,130,866,389,577,361,811,561,738,430,188,219,562,448,157,984,969,287,531,673,103,364,468,107,410,658,486,640,42,722,342,7,918,201,292,764,332,36,205,278,35,474,439,27,814,78,575,171,975,496,587,295,976,914,938,143,270,21,15,817,330,554,519,695,758,939,225,854,329,443,946,870,148,313,242,490,642,629,897,633,163,757,557,572,964,212,819,530,559,330,309,366,484,741,340,830,382,509,914,859,398,549,806,178,72,306,678,981,517,701,571,708,685,568,237,21,949,562,439,714,967,344,748,928,301,928,940,9,179,197,821,815,46,344,480,357,632,53,463,138,662,5,575,697,972,40,848,909,336,666,541,613,77,83,138,872,959,59,767,724,149,561,937,732,383,832,404,267,74,493,629,346,774,312,176,802,970,98,788,936,741,4,517,632,861,10,453,213,824,710,300,824,545,218,311,497,581,55,817,348,410,782,219,50,358,579,556,735,707,812,199,679,182,693,641,241,277,625,595,266,435,693,917,534,723,597,364,176,943,360,671,532,207,488,607,402,256,812,835,894,290,710,85,848,991,163,923,788,652,523,984,455,803,141,395,454,559,41,402,134,766,168,754,1000,738,734,595,789,945,710,234,340,867,305,527,239,898,502,250,968,996,903,170,650,291,506,933,272,374,516,214,325,734,17,661,878,540,937,461,15,660,573,798,442,343,588,407,90,973,249,85,783,695,334,917,32,243,437,765,449,964,524,242,472,454,864,99,146,997,452,490,76,26,65,793,419,556,913,720,202,48,808,257,498,675,977,210,115,276,533,97,213,58,323,436,895,17,532,787,890,506,664,659,456,381,848,72,818,500,424,670,870,752,859,17,45,118,946,471,14,80,75,40,749,806,987,40,738,609,798,368,208,538,656,346,703,456,949,562,659,472,550,760,979,196,93,434,386,745,794,841,7,278,218,425,720,607,425,46,699,418,27,309,988,833,571,913,115,977,475,649,141,210,48,927,543,836,851,642,641,700,457]


[825,66,39,151,574,45,760,505,186,638,86,757,275,468,213,490,701,300,678,233,752,725,417,375,43,640,194,345,337,316,844,41,721,258,584,859,295,241,658,693,156,830,821,747,961,122,510,772,253,858,932,570,336,777,959,281,393,700,518,215,207,424,366,728,412,71,843,731,221,77,299,817,317,360,345,304,148,185,451,6,119,572,424,829,359,970,971,491,57,347,733,167,501,651,608,261,909,807,88,306,742,12,742,995,512,247,171,240,978,546,626,599,253,893,416,764,705,745,262,563,673,658,421,27,24,977,182,312,73,342,742,975,849,931,24,420,466,656,854,665,794,258,393,379,6,350,926,556,38,177,939,967,551,592,225,306,359,249,868,522,345,83,740,950,963,197,744,555,309,812,163,432,627,171,640,435,63,205,885,490,240,759,865,839,272,312,352,723,257,398,733,278,245,212,760,324,866,981,769,306,27,466,754,812,835,287,90,428,538,903,814,438,822,775,80,471,722,656,96,931,155,354,104,785,863,305,953,332,866,449,26,350,95,756,596,673,629,124,754,132,974,310,621,855,227,260,173,918,231,566,658,954,67,577,583,36,163,968,483,365,731,568,690,578,126,399,376,430,75,110,639,660,158,822,650,618,955,761,310,870,344,322,485,666,517,656,700,517,600,853,774,880,430,653,709,33,723,680,261,877,930,708,878,14,682,301,864,515,535,893,904,127,632,465,303,654,215,295,155,321,28,828,572,882,733,384,185,905,15,464,493,465,910,231,880,416,637,559,447,7,169,106,503,963,453,78,673,963,119,590,387,9,128,142,968,523,119,101,631,585,765,289,310,663,536,504,957,622,93,792,397,510,882,867,79,315,341,74,758,553,986,849,498,844,257,69,935,367,587,408,63,411,490,9,243,247,321,600,591,79,969,591,229,608,173,255,933,96,775,121,979,214,433,50,512,443,243,259,971,197,324,762,347,450,377,155,165,534,867,757,27,983,296,97,254,27,259,369,735,562,17,383,900,263,716,490,889,771,300,869,133,786,323,779,404,137,870,935,382,962,991,915,609,992,828,507,382,779,497,238,615,371,47,723,951,104,601,525,30,882,665,346,936,201,946,451,250,256,64,317,120,736,630,681,808,839,661,909,693,914,857,42,743,239,776,301,926,144,560,899,408,442,83,112,706,485,10,959,896,952,416,116,263,394,246,48,233,485,638,790,584,132,242,61,217,494,58,491,313,922,602,576,394,621,117,347,382,463,444,918,409,803,576,692,771,215,189,88,649,239,689,669,129,455,736,436,489,413,940,286,792,433,704,303,574,39,525,63,701,533,314,858,716,841,477,557,887,280,638,709,296,215,318,987,663,186,637,198,848,129,982,847,742,911,514,724,277,460,463,507,79,251,881,23,90,164,611,508,398,524,277,115,190,228,467,619,297,482,893,674,210,680,672,665,717,428,33,637,739,366,356,732,880,372,492,223,456,932,34,924,722,63,992,348,11,662,598,568,790,12,460,536,665,571,140,827,491,899,119,885,996,992,421,576,621,808,249,816,221,761,601,115,537,450,977,154,692,319,138,65,453,960,129,915,747,796,651,881,893,328,471,252,218,556,498,982,374,54,533,363,172,926,153,74,121,298,815,272,69,195,15,429,999,96,26,933,697,295,215,461,630,799,965,293,533,142,17,395,601,522,140,423,824,482,547,805,598,438,775,857,808,419,70,338,967,994,775,241,592,394,635,787,993,237,58,900,332,456,137,546,532,537,167,466,469,963,572,895,772,789,190,57,408,133,38,456,996,86,585,17,79,875,773,266,863,212,865,913,765,929,474,212,875,513,486,373,873,352,788,368,782,593,423,821,399,724,459,842,876,617,648,256,671,772,727,457,804,230,874,688,386,685,414,609,110,328,578,981,811,325,843,192,862,333,872,761,339,954,207,871,647,84,809,815,416,794,420,700,186,283,406,197,975,38,487,601,708,197,505,56,599,930,459,779,39,632,212,290,306,911,746,135,994,559,658,539,477,595,993,131,499,480,79,886,438,281,735,804,763,137,819,176,462,120,273,321,400,114,453,802,886,872,468,302,992,780,263,948,554,37,973,806,802,464,299,47,345,431,856,842,686,201,468,429,405,337,7,634,957,316,166,493,432,58,274,592,796,110,101,338,168,51,268,574,119,282,865,708,191,206,829,16,428,665,684,468,262,913,377,424,163,24,932,768,926,409,140,718,401,599,431,805,744,267,188,351,147,209,560,261,69,770,566,835,984,210,351,537,760,235,478,406,232,469,693,394,919,344,939,943,416,587,589,797,537,59,13,523,627,906,177,229,129,362,149,344,50,488,674,83,537,997,941,69,336,288,753,590,832,544,889,689,780,628,383,165,417,188,619,964,544,215,978,165,123,60,181,257,321,952,778,711,30,973,46,175,40,509,723,843,27,945,616,289,367,441,555,496,70,902,220,811,835,243,809,998,35,587,291,607,491,944,962,582,254,918,99,705,469,894,699,712,537,837,399,725,96,852,648,8,204,411,959,31,835,670,116,931,355,525,895,544,802,868,12,904,342,889,681,234,760,179,808,771,601,704,854,27,332,108,760,190,316,688,901,678,305,309,667,523,566,267,600,49,611,199,176,118,352,526,96,130,690,35,739,71,486,277,645,854,952,519,490,398,450,32,740,561,839,745,815,839,459,326,40,334,478,893,207,960,861,611,357,635,920,198,639,479,427,373,648,45,335,295,505,576,261,652,955,930,771,835,726,546,64,674,211,344,345,608,807,989,229,924,566,748,233,258,266,758,250,385,311,542,195,370,24,930,340,791,584,431,755,454,86,61,552,553,800,883,818,620,852,488,530,175,779,800,494,296,656,777,35,581,627,899,455,744,459,881,965,895,778,482,688,95,325,905,520,575,766,722,804,756,722,105,999,829,965,401,158,393,175,169,296,624,585,620,584,231,715,639,338,949,340,966,105,904,34,808,509,492,921,466,75,432,57,117,665,432,83,514,910,306,385,160,180,226,497,202,732,430,459,502,104,423,649,427,991,613,569,613,706,714,582,445,892,158,118,999,307,306,906,666,152,128,924,638,100,774,195,515,586,602,374,131,898,18,123,482,858,238,722,296,439,830,786,619,144,33,10,713,976,744,971,333,284,162,2,605,367,295,151,657,531,732,852,553,265,528,98,669,952,574,461,694,272,855,369,915,258,43,952,417,210,10,360,74,502,92,107,730,599,887,994,341,58,430,894,240,704,140,699,229,151,936,534,209,929,210,704,263,468,399,136,471,744,39,209,165,415,403,51,387,303,41,566,55,49,985,642,151,838,25,990,426,478,71,565,731,33,927,739,358,102,591,966,812,879,1,336,202,987,100,663,994,161,872,139,732,142,508,929,585,702,114,599,299,894,566,650,93,415,610,115,291,942,992,67,948,51,856,802,626,564,53,938,268,108,289,761,462,243,266,784,983,873,585,299,651,415,678,577,82,510,936,662,728,896,383,339,841,422,66,771,17,912,552,95,945,487,286,248,669,956,845,88,86,242,977,160,992,543,425,780,230,565,670,879,778,169,745,290,760,41,264,785,607,463,707,910,549,351,44,195,824,620,865,926,448,839,697,155,939,288,173,921,511,722,759,755,697,995,83,968,118,106,612,369,322,777,334,656,686,90,769,414,253,631,92,126,449,971,810,225,62,70,748,684,877,236,792,410,708,184,855,200,52,609,519,415,781,153,75,17,355,353,225,774,414,199,83,443,34,293,438,538,402,811,662,137,750,375,394,962,570,882,485,519,313,211,26,68,841,676,609,421,33,117,637,112,160,182,247,604,92,935,419,615,161,848,646,73,697,63,286,627,123,596,686,278,182,726,261,490,798,429,535,149,419,868,137,921,748,736,718,171,806,248,795,625,973,590,834,909,977,906,853,856,661,883,532,821,779,634,838,41,368,216,743,946,216,183,893,427,913,643,779,46,723,112,832,206,72,714,260,617,149,454,940,520,239,165,970,390,231,881,364,944,85,37,729,983,935,829,14,332,363,23,154,758,423,543,881,421,834,712,459,898,925,601,740,476,275,433,321,331,856,524,693,990,528,269,80,569,808,146,411,803,830,614,558,21,483,730,268,861,365,576,153,847,444,130,628,991,813,285,505,706,455,823,942,514,932,884,206,368,28,437,448,368,888,817,640,744,490,21,936,308,986,99,1000,540,66,896,210,319,381,161,46,340,833,646,422,766,23,211,200,998,635,518,620,932,16,574,618,752,617,746,52,678,132,233,292,694,664,670,185,331,219,618,781,992,551,405,927,602,171,961,5,260,871,364,541,529,342,438,202,246,114,660,501,116,439,392,538,662,944,711,455,823,428,270,694,119,287,811,750,271,638,175,500,621,785,27,311,417,666,940,61,50,428,197,144,197,938,88,892,682,59,515,717,795,773,835,72,229,215,694,511,843,767,769,261,739,401,397,957,729,295,589,465,336,877,422,153,657,749,916,828,984,846,294,41,113,162,888,934,153,158,690,365,918,835,563,40,945,760,96]


5. Fetch all of the  number can be fully divide by 3 in the following string and save them in the list please print them out
205%164%636%927%545%895%258%87%114%295%862%948%528%291%679%290%15%401%298%595%59%985%932%60%468%317%817%514%406%329%596%539%852%833%519%185%642%341%224%795%678%83%196%303%440%471%499%332%625%458%924%143%344%313%212%797%68%905%572%359%485%672%600%270%971%541%854%816%78%545%348%836%441%725%939%432%350%650%719%514%986%826%999%355%957%20%872%550%676%171%215%80%846%472%176%103%851%925%874%921%699%854%643%589%937%35%831%748%813%883%542%515%415%509%732%647%178%41%646%253%45%15%125%577%199%464%68%581%712%589%360%867%794%407%221%253%999%822%398%997%95%834%999%873%276%649%43%726%172%154%791%835%444%730%884%284%379%926%125%716%844%275%752%682%964%692%222%819%763%30%34%481%417%997%970%680%673%337%547%225%960%356%680%266%582%166%397%112%326%431%143%427%9%223%712%569%855%931%738%970%210%224%165%7%405%331%282%577%480%240%346%246%930%344%666%864%908%938%386%890%788%726%24%78%704%917%390%783%860%291%422%739%787%242%687%901%47%19%335%615%897%46%4%391%782%915%123%832%342%99%924%133%455%357%550%441%409%57%798%346%452%206%500%157%339%981%541%415%123%532%480%427%708%271%551%57%894%499%501%210%35%529%985%927%661%49%70%396%397%852%694%946%594%346%166%411%380%790%48%15%984%480%158%819%219%574%764%229%806%173%795%841%864%346%655%216%297%927%428%224%527%148%295%533%699%98%145%325%990%368%837%96%445%446%515%617%178%241%763%937%976%710%696%616%368%166%504%910%229%219%730%279%724%499%843%73%715%626%49%848%63%561%480%416%168%187%517%848%407%858%308%724%680%721%237%345%938%210%403%196%134%274%315%766%886%973%947%619%478%87%266%419%525%330%792%929%199%803%306%688%203%162%842%129%242%492%40%234%645%376%106%477%159%582%930%118%625%585%545%831%568%553%51%263%986%323%237%279%935%15%233%427%560%871%644%167%321%429%591%722%838%28%738%425%230%434%243%796%246%590%457%564%791%150%723%86%533%704%614%996%821%835%276%607%782%787%679%794%987%755%392%420%963%323%637%634%551%547%918%121%868%903%439%865%877%666%490%948%203%981%989%178%5%359%764%689%483%121%618%168%792%518%707%500%912%50%303%315%347%857%913%912%565%555%369%155%16%53%1%997%889%745%267%129%46%439%632%920%452%535%751%624%951%361%199%547%59%776%993%802%634%811%434%611%534%120%23%874%853%222%755%914%390%462%776%626%527%802%893%179%249%735%782%658%517%535%51%813%290%127%493%492%13%505%974%421%487%155%583%162%150%829%137%582%991%760%947%628%303%593%460%801%300%96%409%233%103%230%410%838%142%608%337%952%216%970%638%871%362%851%166%254%263%39%783%843%419%312%365%651%333%698%241%997%182%151%393%835%769%499%782%63%971%903%799%979%531%831%642%518%865%564%685%655%780%442%302%468%244%817%744%793%303%89%984%700%844%218%690%354%693%933%462%364%11%489%867%30%645%977%459%149%130%703%749%630%856%326%463%883%376%387%701%304%768%138%643%880%452%89%524%124%946%707%661%879%732%690%133%486%757%867%200%732%833%430%290%665%59%637%343%504%497%70%777%733%614%607%182%446%664%390%981%315%194%107%792%464%488%183%900%250%354%689%890%48%869%933%742%477%593%706%916%823%813%229%130%667%760%796%298%910%691%98%729%46%497%728%700%529%853%220%61%570%533%120%541%252%51%53%8%335%30%150%293%520%616%359%178%44%824%599%356%167%846%483%643%852%519%544%357%291%105%661%463%189%155%842%521%809%893%853%643%530%999%462%743%44%690%385%701%57%963%796%529%179%683%909%111%878%487%615%948%711%397%352%501%898%540%810%245%560%962%622%724%839%477%779%969%653%739%980%144%789%595%979%939%488%888%507%842%900%425%729%754%557%784%331%813%234%95%339%541%257%357%871%924%356%183%779%39%516%3%876%620%307%704%943%554%496%420%8%748%99%919%645%770%12%562%171%587%869%508%71%548%962%761%252%633%986%981%486%183%436%195%832%186%1%606%572%1000%149%103%246%698%504%130%245%925%151%383%490%686%672%783%859%294%180%471%659%562%549%788%382%928%450%540%362%758%380%677%582%16%37%672%567%218%283%723%202%112%520%251%237%208%92%589%347%513%188%377%948%577%236%652%174%231%276%500%124%405%314%752%512%912%292%548%430%724%928%704%151%18%107%586%21%384%221%266%556%833%885%567%982%401%203%57%806%3%635%92%809%860%752%215%531%945%388%277%256%729%8%391%524%210%706%989%854%340%336%675%180%748%318%755%435%737%245%26%275%474%838%19%700%584%428%71%8%846%51%857%656%870%970%391%392%542%813%634%649%614%615%171%226%537%323%540%891%510%744%754%248%467%950%559%48%192%718%409%848%489%803%719%530%842%65%635%993%518%988%383%646%807%913%445%414%199%792%480%466%478%576%766%388%429%267%130%84%927%527%825%397%182%604%438%603%916%599%168%179%303%403%520%646%647%584%838%230%666%140%76%130%371%272%472%802%360%780%387%655%177%817%697%452%231%963%437%54%832%820%674%41%940%599%812%479%308%634%804%573%146%771%564%892%818%871%93%927%952%154%590%69%51%290%178%882%859%592%926%846%404%205%572%146%658%683%915%623%285%315%662%225%317%788%475%355%560%428%966%615%138%237%31%83%914%337%857%913%597%725%702%861%390%656%829%204%950%564%427%183%894%876%687%926%432%431%921%177%14%81%528%456%804%80%545%240%11%531%858%295%568%445%979%224%779%930%411%678%863%94%631%522%314%79%624%132%67%8%468%11%647%147%850%17%112%791%39%745%639%587%542%980%408%378%322%258%756%441%771%859%693%263%274%107%718%488%289%327%563%320%856%43%188%306%449%315%712%62%418%832%263%341%152%694%126%454%161%210%274%200%754%164%585%592%264%90%700%530%103%40%414%711%250%717%282%497%624%312%246%245%158%655%65%115%759%553%466%307%625%586%912%170%55%498%374%51%871%48%831%103%429%41%67%22%63%816%104%458%940%33%477%698%82%700%864%587%687%67%752%562%520%543%495%678%353%400%159%255%312%998%201%29%830%636%627%990%596%465%442%865%348%462%527%606%434%21%115%756%144%475%89%924%746%528%993%486%966%829%565%418%350%299%49%281%792%541%271%65%508%93%295%197%752%645%552%399%663%765%527%704%498%281%580%669%563%942%27%356%514%787%269%981%13%525%164%719%620%139%549%407%336%927%267%907%876%714%424%200%765%645%734%531%501%424%7%22%896%69%55%60%402%906%479%280%37%508%719%739%707%999%147%928%547%477%238%895%437%785%452%758%536%736%554%867%477%224%425%738%55%593%54%405%158%666%331%14%434%217%948%408%352%472%255%273%102%712%818%761%262%727%61%104%181%563%166%759%890%215%88%698%372%986%634%459%241%17%647%566%121%287%676%105%914%608%277%34%607%690%391%838%651%848%375%513%247%111%545%904%951%862%542%827%760%22%559%705%17%627%915%443%302%258%130%400%671%235%958%414%199%419%792%41%435%956%432%471%810%706%91%676%246%888%616%142%658%478%634%338%93%229%158%818%673%130%532%152%481%704%778%785%929%145%739%670%624%815%980%593%830%504%263%369%246%286%354%58%933%102%223%165%321%594%134%369%458%445%179%302%669%369%521%440%598%766%209%395%273%985%732%703%650%376%551%199%434%904%296%444%29%835%54%881%881%232%1000%180%309%425%381%348%540%461%924%6%697%921%804%746%77%804%902%987%950%546%694%372%541%606%298%856%838%902%159%223%810%274%446%943%114%630%685%118%268%296%916%562%879%474%97%32%653%266%939%587%682%538%794%681%478%20%232%444%248%314%784%732%982%111%379%24%170%544%982%59%443%355%512%220%287%68%13%724%380%262%529%716%940%723%603%149%311%570%434%600%203%289%1000%822%868%121%510%360%971%965%485%953%670%506%276%311%692%334%988%603%91%281%54%814%495%89%655%901%588%897%190%708%351%717%652%263%927%149%856%708%609%656%194%360%727%748%59%281%550%411%953%954%145%60%781%792%194%241%288%472%678%572%176%340%535%248%664%719%759%823%878%545%475%710%870%825%171%762%602%334%14%454%147%470%224%725%816%859%523%608%137%943%546%909%568%194%865%664%616%591%500%743%261%427%397%603%96%304%385%272%63%846%910%629%887%800%661%451%767%556%415%817%255%94%408%291%61%110%656%51%886%50%345%792%124%973%728%145%466%780%971%257%591%399%478%919%571%586%893%833%291%642%711%493%111%705%77%267%79%695%445%411%350%127%694%1%887%613%629%483%547%827%430%143%608%653%884%679%463%699%23%387%96%148%932%704%143%796%532%63%933%602%545%721%206%739%704%90%424%63%830%611%422%65%506%43%368%938%382%522%92%202%547%10%250%582%682%816%755%71%984%964%615%425%585%421%96%198%556%69%5%892%878%681%257%90%749%686%931%534%169%155%63%198%908%991%776%733%277%125%115%294%435%766%363%670%262%482%789%919%627%48%624%681%324%946%30%70%188%553%745%506%754%296%41%777%364%712%369%928%398%492%24%448%140%46%488%98%315%950%739%596%710%945%492%931%580%8%958%556%786%629%82%629%846%783%387%361%193%551%726%924%551%622%973%526%987%539%10%589%90%360%497%755%558%801%287%742%7%271%145%3%312%909%814%721%706%859%442%379%318%354%35%706%744%122%941%381%98%326%921%649%1%684%110%851%120%433%484%437%418%36%281%779%667%228%486%179%590%685%119%296%59%107%348%51%268%268%80%433%965%35%51%300%32%175%247%85%979%468%483%405%689%166%899%239%437%639%161%101%487%338%764%36%583%36%394%116%227%555%286%87%69%221%557%401%139%64%8%61%485%309%999%540%461%589%110%672%939%263%96%393%417%236%738%623%964%200%721%10%887%815%59%733%531%759%818%336%647%334%16%805%300%647%565%281%526%433%556%610%446%756%331%382%287%732%593%406%12%42%815%613%449%234%432%333%822%297%711%127%982%576%559%791%653%645%737%774%484%929%810%466%352%752%372%222%447%232%949%405%864%793%176%29%763%213%431%57%613%314%365%790%657%323%16%377%704%145%181%376%742%7%309%280%465%376%838%290%458%192%973%422%438%38%374%57%74%903%294%326%323%161%120%376%281%674%719%696%689%959%671%208%342%683%311%675%4%575%252%190%847%815%982%931%96%545%228%162%24%546%754%376%456%344%486%807%546%399%278%602%938%361%56%691%782%69%361%983%235%984%270%945%183%26%491%459%954%955%837%417%11%758%124%543%599%812%846%16%850%786%85%624%569%468%30%733%229%642%962%574%996%825%842%610%716%885%695%887%639%161%554%645%836%183%689%233%274%890%75%823%602%363%336%21%528%572%106%798%917%51%900%626%837%238%337%197%107%792%695%131%853%747%973%268%335%136%34%523%964%918%815%944%414%695%100%52%166%216%989%844%703%442%579%916%825%403%630%520%631%65%72%80%203%725%761%721%29%136%71%660%521%989%377%797%161%914%473%631%606%21%778%8%87%46%384%913%458%190%998%835%154%177%590%445%427%913%90%395%635%801%885%177%753%196%27%946%999%480%895%34%211%305%861%335%670%473%813%404%963%961%691%416%709%400%200%461%332%31%115%827%371%188%410%785%670%476%245%486%349%181%616%342%898%493%308%600%235%36%190%963%425%803%699%888%923%766%694%208%112%334%441%696%700%822%949%764%475%599%622%766%722%916%677%415%384%760%485%253%831%895%579%633%87%762%12%343%714%215%749%983%3%436%656%332%344%742%456%656%759%893%226%861%362%681%757%905%820%596%120%129%444%989%713%998%337%840%320%139%271%393%802%468%605%583%645%124%793%987%475%722%947%308%919%587%963%483%637%859%725%444%388%660%539%820%799%497%688%170%734%764%913%492%88%239%665%851%254%928%924%712%339%709%821%291%868%431%11%719%836%339%634%345%436%196%531%113%196%848%944%680%498%699%808%146%965%363%540%528%625%843%275%926%532%265%212%202%613%242%802%742%879%334%452%101%268%11%310%123%229%781%456%642%479%189%281%864%360%978%110%830%392%626%116%423%911%806%860%361%917%263%638%80%901%116%508%986%135%940%505%57%292%780%307%650%620%616%462%71%489%217%766%857%845%239%921%252%872%444%332%662%410%353%741%833%721%661%333%413%419%3%911%776%779%187%752%374%264%26%814%849%180%140%813%20%124%565%204%521%191%462%233%493%463%485%79%959%29%397%288%761%79%840%265%678%685%172%868%874%145%717%379%636%935%821%759%778%160%325%374%688%723%721%325%910%339%748%888%402%61%563%3%77%720%537%802%424%707%278%479%648%876%719%735%141%28%274%400%980%255%676%480%886%246%222%411%284%451%379%613%266%453%885%586%958%629%797%975%922%748%233%336%540%491%507%644%151%385%511%559%418%672%660%740%327%633%333%316%616%354%714%390%969%293%835%434%75%133%287%349%567%640%739%563%864%438%687%201%671%307%723%524%855%168%415%926%739%939%387%440%538%513%438%555%282%846%769%503%619%128%383%897%85%590%760%468%903%915%110%359%672%642%85%504%344%499%138%60%602%689%500%429%507%287%671%430%862%459%550%577%571%973%745%505%632%222%788%357%313%343%556%640%943%29%75%244%287%380%971%412%478%244%859%239%243%439%163%534%98%532%805%399%909%611%193%457%896%900%450%129%728%994%361%983%68%510%805%505%529%200%355%660%30%445%928%350%818%858%169%164%542%535%929%650%116%959%272%437%61%627%185%525%190%279%221%515%552%780%74%567%327%73%446%388%432%312%428%303%999%126%698%641%503%77%111%336%170%499%851%727%375%434%666%792%645%991%776%263%882%838%18%826%937%707%312%480%494%733%578%138%749%510%185%972%102%382%588%433%749%39%224%631%110%971%813%964%126%551%558%139%362%380%343%987%433%489%917%439%512%765%516%762%270%491%839%852%187%273%249%530%508%987%139%858%459%124%576%362%707%874%145%579%442%7%236%378%132%590%224%985%639%625%738%157%595%142%409%360%429%70%990%692%295%424%897%893%90%620%712%261%650%3%627%618%210%796%200%875%546%578%785%847%839%116%692%57%510%38%263%400%304%967%854%885%965%653%724%812%128%846%642%549%483%448%652%28%989%658%671%966%738%706%677%91%68%498%455%335%39%710%606%466%952%960%385%656%194%122%303%252%921%572%747%754%13%831%114%609%354%571%227%98%83%95%944%974%884%365%597%253%831%448%635%427%315%338%174%909%364%358%114%558%121%764%261%352%131%295%366%257%2%12%535%544%589%686%633%986%664%740%783%60%105%530%2%142%568%142%912%382%197%809%750%694%213%640%752%29%31%978%682%694%266%966%361%422%696%359%125%127%734%115%261%405%820%757%35%153%531%852%444%519%79%800%628%980%338%807%94%917%540%715%40%79%8%846%521%309%288%507%115%125%273%572%264%384%971%207%56%610%981%617%744%658%341%148%403%957%624%717%39%433%62%834%834%648%65%183%695%613%123%82%856%378%539%659%636%662%979%181%924%821%137%592%298%621%144%75%686%506%394%318%945%569%50%365%633%912%870%924%40%73%779%376%743%523%591%90%148%687%191%183%933%562%200%214%765%770%259%531%469%688%568%225%447%125%456%947%265%173%738%769%127%924%6%381%798%483%929%487%74%746%112%9%848%952%120%467%62%20%540%467%957%335%825%825%639%642%930%472%679%609%143%854%901%412%793%424%695%662%254%75%443%844%170%861%211%205%231%170%960%529%523%810%794%541%869%146%699%556%549%20%200%550%967%222%371%802%367%63%908%356%295%625%585%227%418%973%358%560%642%159%554%62%986%395%882%144%579%814%562%100%415%592%147%700%911%203%966%965%566%256%147%660%820%39%374%689%506%843%278%883%856%58%960%739%89%970%106%998%414%582%223%457%23%449%482%429%770%176%829%299%650%552%364%314%223%982%772%401%764%294%37%707%841%469%903%776%28%587%292%210%929%122%868%650%748%6%339%917%570%948%269%827%994%489%322%9%557%149%338%353%664%165%956%885%940%421%921%739%844%733%660%758%808%313%567%564%853%755%960%358%854%819%102%143%322%100%633%871%396%440%941%63%283%505%362%427%53%415%500%264%330%832%460%943%22%135%892%412%278%256%166%652%533%927%634%811%548%633%283%691%139%968%223%70%786%989%100%29%610%189%234%760%736%372%601%742%847%962%172%735%729%30%970%649%929%814%269%359%306%369%319%830%91%497%443%777%339%558%58%893%223%951%657%796%347%54%407%515%491%491%262%128%380%361%321%836%967%18%168%276%548%82%860%818%775%977%435%242%924%551%429%988%855%434%233%928%595%91%350%321%380%463%997%19%444%856%441%444%364%255%489%644%71%216%344%554%787%918%475%920%892%213%736%51%506%363%664%358%73%210%18%796%506%115%750%580%47%217%575%75%61%799%401%472%928%775%775%4%176%84%726%787%891%163%408%129%300%411%684%71%347%562%435%830%873%328%718%94%972%975%107%944%162%765%652%943%926%20%696%107%910%797%417%226%165%842%562%483%641%413%407%896%103%866%702%502%560%974%305%400%526%775%828%456%131%670%992%704%873%736%274%441%923%503%37%107%843%616%379%986%594%335%60%698%313%101%339%122%598%10%578%8%364%502%217%704%519%537%385%754%188%388%387%757%8%966%44%801%721%356%467%717%636%596%316%819%330%293%820%24%380%927%953%657%281%465%51%410%198%533%460%553%616%475%860%343%825%336%945%801%863%854%121%212%676%992%817%16%789%631%482%427%899%849%810%240%158%454%193%741%960%765%422%511%720%281%549%245%537%105%615%869%756%41%602%758%580%216%438%629%413%34%303%571%238%42%982%382%914%862%525%429%329%418%24%888%374%40%470%788%35%735%140%861%292%440%351%843%922%293%860%103%204%98%367%698%808%589%772%751%509%31%890%972%73%146%182%25%801%66%250%46%27%452%477%155%867%380%92%403%932%1%211%158%318%757%90%462%466%342%703%573%480%117%16%717%333%259%406%881%60%154%561%469%183%203%52%997%815%936%533%169%516%805%228%452%234%817%638%938%464%742%525%891%723%795%1%918%912%228%511%524%201%580%990%549%737%580%226%210%952%896%196%33%648%569%290%594%764%456%621%516%604%551%921%537%534%189%713%247%914%31%687%600%944%219%581%189%686%779%650%822%345%873%445%491%198%992%317%318%869%868%151%151%503%162%145%875%556%3%300%317%145%138%341%180%760%779%110%16%474%18%813%627%272%250%276%79%327%353%884%207%813%35%227%802%461%276%336%409%414%946%635%315%633%896%389%596%538%262%509%633%28%149%538%521%428%175%149%907%95%949%283%634%728%515%771%378%157%882%692%87%23%730%514%350%512%763%616%792%556%300%163%110%839%810%329%583%847%574%151%50%629%983%445%294%585%363%727%666%561%744%720%353%81%221%15%75%509%189%956%38%632%865%522%780%850%223%864%777%928%283%133%285%870%930%792%696%664%530%674%359%617%374%386%511%302%890%58%15%362%549%790%347%516%687%941%123%364%764%465%532%945%937%735%629%769%322%737%396%650%102%211%222%248%80%839%138%279%940%843%124%27%240%192%82%403%665%224%820%500%888%116%82%605%480%564%999%528%201%724%131%525%613%40%462%138%2%270%506%385%492%299%41%843%23%497%519%524%990%943%227%384%672%963%430%386%341%77%847%423%489%46%788%323%327%796%17%316%155%254%622%422%671%407%902%913%615%169%449%968%734%925%205%587%210%212%284%409%564%187%733%470%33%559%252%371%911%618%219%535%234%967%908%678%31%119%543%251%834%61%333%46%634%623%641%106%941%316%639%190%85%634%548%474%305%647%304%453%186%678%679%461%177%209%688%72%60%139%497%450%488%210%379%406%643%641%559%823%890%214%969%103%268%351%848%350%554%520%582%830%500%982%17%214%107%287%592%385%589%554%129%398%893%161%386%931%886%71%745%926%947%277%764%867%571%842%459%275%262%25%196%227%219%863%228%859%749%660%344%938%869%753%150%727%165%377%810%96%943%877%240%250%153%204%81%459%569%268%775%242%609%988%324%163%625%249%629%687%516%225%587%378%482%659%44%849%698%677%364%200%593%749%594%913%829%165%620%596%318%958%511%501%370%800%146%725%406%969%823%708%585%408%599%471%116%763%650%304%947%31%526%266%380%10%941%672%381%113%913%967%629%600%623%209%102%136%702%934%122%395%538%100%885%994%595%767%235%797%708%579%623%639%699%262%326%590%171%128%702%59%596%211%662%975%945%727%970%230%728%688%764%112%754%959%438%598%529%895%593%97%154%142%639%599%381%300%867%89%222%779%56%559%638%828%965%59%174%929%265%456%475%757%97%513%959%177%170%150%217%456%610%306%581%602%557%494%852%926%454%772%498%671%706%159%782%856%138%271%325%50%135%2%672%648%510%538%360%73%456%243%532%86%466%328%49%363%878%936%247%645%277%318%860%567%30%158%653%315%498%663%787%121%151%823%277%293%887%23%92%749%384%564%997%758%60%501%714%801%507%603%778%545%583%358%213%60%636%804%871%140%913%175%463%639%844%408%527%359%543%820%677%468%513%719%643%900%178%537%541%123%838%76%618%68%449%747%128%604%448%568%699%851%187%672%181%645%528%779%710%719%388%862%814%313%837%997%20%556%262%688%11%799%242%684%263%423%905%205%1000%669%867%983%726%346%22%716%147%70%112%320%879%77%805%296%309%479%779%994%136%263%492%943%456%148%79%482%418%881%948%741%316%646%716%873%934%673%218%306%876%102%847%344%24%495%990%118%502%350%294%430%865%161%150%977%37%11%219%668%394%135%129%19%774%638%876%668%683%579%513%920%611%283%801%399%779%937%74%792%732%655%99%968%467%391%715%990%412%42%249%136%114%284%271%777%144%652%114%965%344%258%890%357%717%191%811%870%672%955%716%472%324%812%256%330%210%79%726%850%560%243%439%607%218%345%161%946%509%727%72%362%561%366%92%926%78%539%372%938%988%392%132%579%676%554%745%676%985%783%126%97%185%224%261%889%635%449%548%328%90%145%414%723%377%970%247%888%554%551%313%431%626%140%670%290%425%534%848%369%382%971%126%318%659%708%285%319%526%6%884%247%186%824%477%670%156%882%93%668%150%390%346%790%282%237%523%164%145%620%410%462%224%590%998%823%561%189%95%193%371%314%547%266%116%955%153%757%828%414%318%342%188%507%486%775%871%604%594%502%487%677%820%855%746%643%453%200%276%827%217%123%487%186%701%301%286%943%48%988%320%128%892%189%874%948%40%619%85%299%708%698%430%129%239%185%195%273%525%679%41%332%16%621%33%906%903%613%929%600%763%623%651%90%345%301%879%340%260%412%944%807%674%728%249%437%36%684%369%562%411%942%314%660%293%17%209%946%582%135%841%237%21%510%911%120%386%742%234%839%41%239%753%908%377%189%833%459%174%685%868%932%964%789%805%514%498%258%814%551%777%424%253%619%864%763%54%478%397%59%210%237%842%267%602%436%313%749%689%732%237%131%368%957%342%585%489%661%585%982%304%450%559%526%271%363%262%837%905%146%806%286%855%484%789%343%558%387%70%672%522%310%931%536%615%705%708%485%172%275%729%771%384%312%161%547%165%642%179%961%235%358%138%30%871%582%618%322%359%350%391%619%832%20%183%207%686%945%181%581%691%910%279%303%152%923%277%148%387%675%828%19%135%483%721%906%564%902%532%771%364%165%773%116%843%208%886%428%131%151%830%704%671%738%458%865%509%784%50%8%279%58%410%203%559%822%726%970%656%952%953%247%866%913%772%346%536%520%263%224%52%91%453%808%27%400%509%338%107%572%414%268%895%919%210%16%505%569%213%751%909%488%30%148%100%31%372%250%935%830%786%264%541%309%844%407%14%853%311%153%835%110%933%617%62%12%17%862%617%468%410%938%793%195%935%518%412%834%469%415%464%306%657%354%950%358%446%365%800%155%190%789%806%872%747%450%219%651%325%594%327%521%56%993%994%754%521%66%173%574%15%887%879%689%363%968%247%708%772%674%746%477%860%31%102%586%1%218%208%913%926%789%387%157%647%264%864%817%862%60%885%454%335%281%736%672%307%455%774%419%639%677%352%742%766%224%883%427%69%714%483%657%590%499%30%209%100%749%190%364%113%922%301%445%59%745%482%274%584%215%554%376%568%847%182%205%48%377%235%47%603%638%682%796%369%857%634%320%140%280%972%523%834%610%878%903%35%361%969%565%1%644%817%451%1%435%967%939%76%138%454%947%150%874%404%231%292%901%656%894%112%3%790%418%382%130%235%204%274%937%868%97%143%926%873%489%549%143%862%176%770%887%675%84%555%484%395%369%108%734%707%841%962%180%363%848%648%944%220%402%396%603%96%543%244%937%981%435%264%563%938%881%805%564%481%356%460%58%285%747%653%391%961%615%526%810%95%67%353%560%964%700%971%122%22%772%868%276%835%241%548%725%440%673%482%843%854%878%819%779%187%406%522%89%623%188%421%30%206%618%646%994%641%360%12%562%764%140%321%414%251%566%224%862%49%469%614%477%900%624%476%254%100%129%768%378%219%378%903%510%176%852%602%224%40%391%75%760%554%719%384%487%656%33%622%731%257%807%668%798%231%23%827%868%79%112%863%682%916%725%967%375%138%233%565%281%718%221%340%257%467%336%666%400%783%809%140%50%100%767%931%641%622%510%687%570%488%857%237%627%793%744%69%308%219%517%615%912%693%245%532%277%131%344%795%543%257%493%480%507%144%462%19%614%489%465%366%333%497%872%839%745%377%85%7%417%921%971%405%256%726%513%886%174%412%387%241%767%81%198%107%149%654%87%268%641%426%212%863%245%562%103%766%27%703%105%918%336%386%628%477%4%41%198%734%885%551%346%153%75%256%533%824%506%29%375%115%872%347%452%781%695%930%533%203%475%220%402%288%170%257%921%26%907%71%635%281%14%115%797%826%952%636%983%171%282%245%694%100%741%275%240%964%498%493%224%729%239%670%990%164%354%641%700%93%262%724%675%708%457%813%300%899%938%776%863%27%705%250%852%19%966%87%444%381%802%837%606%738%560%912%206%884%922%989%321%912%191%319%28%4%663%392%127%976%991%819%638%533%466%594%540%257%940%604%998%579%363%520%845%455%475%637%224%999%712%929%910%390%988%361%278%759%829%398%585%504%465%470%980%771%43%468%352%994%541%735%284%156%17%564%966%931%656%31%971%549%164%418%879%273%80%429%982%250%56%163%492%408%698%761%122%762%859%409%634%70%908%259%570%471%841%725%937%86%894%52%531%856%971%698%533%769%566%809%952%699%461%121%722%539%625%493%963%988%864%702%389%806%970%190%496%339%68%590%342%388%452%39%861%852%485%563%115%362%334%586%940%913%853%148%779%278%715%317%892%774%608%566%740%280%322%399%239%421%75%286%509%706%108%730%789%300%815%534%198%586%773%546%477%332%594%324%388%570%22%64%900%713%654%823%874%659%978%337%672%855%370%438%829%608%798%505%483%622%861%777%212%120%543%376%399%958%337%664%613%563%171%719%401%828%706%336%122%355%557%177%917%23%143%529%324%885%894%116%421%364%58%34%296%915%175%622%509%743%166%876%707%301%92%660%817%750%336%481%182%890%588%441%305%945%278%590%86%317%964%193%257%71%503%573%947%120%714%911%760%362%815%112%616%596%517%706%220%460%146%222%725%41%483%997%736%509%66%934%485%853%490%659%12%67%349%985%625%965%449%861%502%665%975%845%547%931%915%334%918%438%868%160%736%696%806%783%250%404%985%772%989%967%998%155%880%33%213%764%793%865%548%583%329%556%778%638%626%771%218%268%978%763%924%8%434%151%631%224%602%100%327%309%740%494%695%874%223%17%576%642%87%573%965%65%869%824%249%741%887%903%867%233%311%851%206%281%337%570%128%238%445%221%556%382%76%466%842%249%512%826%493%823%510%146%679%574%346%534%477%365%949%464%205%320%881%898%28%246%696%976%363%890%735%45%948%398%818%519%417%158%163%534%992%292%497%604%838%449%620%193%115%17%869%340%612%594%314%223%919%588%327%47%481%552%729%946%78%203%273%621%73%132%554%555%126%244%871%274%553%554%699%514%403%503%582%812%345%983%796%682%943%983%16%457%15%533%959%212%448%488%209%710%338%644%976%558%108%620%853%951%947%909%383%935%45%1000%224%215%391%735%262%979%227%633%84%938%822%944%938%395%385%743%41%76%147%377%481%999%155%136%977%577%950%455%28%759%939%273%824%705%12%263%908%836%952%405%942%571%55%189%182%573%600%353%277%790%522%577%628%372%392%768%971%474%598%939%408%185%809%700%271%842%380%423%38%185%661%10%485%80%41%212%735%37%780%577%663%922%369%786%665%313%428%548%778%896%691%927%249%560%950%64%32%431%270%1%797%707%462%91%530%664%867%248%722%913%732%228%502%71%207%981%552%892%9%942%342%754%798%618%429%479%681%89%815%218%650%329%216%397%600%363%852%652%156%655%724%297%982%422%989%966%910%124%523%53%910%812%925%18%571%363%147%206%202%95%271%348%463%357%119%507%556%199%805%263%63%669%428%593%333%329%639%437%178%608%176%773%297%457%675%114%9%679%467%219%944%104%84%748%138%445%960%867%132%801%354%125%604%509%688%660%590%278%778%658%858%362%694%174%197%933%110%720%985%910%182%227%20%778%239%770%591%397%766%818%794%541%240%434%290%882%698%807%287%584%622%901%556%777%746%420%604%416%645%837%647%615%298%528%97%308%673%125%626%132%878%174%410%399%899%988%732%16%427%362%922%60%452%526%235%211%244%704%961%43%589%11%256%885%934%300%979%988%743%765%191%107%11%846%208%283%930%930%61%894%503%50%955%998%633%54%560%46%753%911%974%271%990%141%936%123%394%795%443%305%966%999%301%530%173%757%22%401%934%81%86%485%760%10%553%576%616%5%527%437%958%184%394%19%445%37%467%355%603%378%511%28%917%646%593%494%507%836%133%357%651%308%803%842%277%546%66%691%727%136%221%777%649%240%803%307%43%799%826%382%553%379%913%208%7%807%183%443%655%748%594%936%483%937%760%23%153%677%363%103%739%943%964%962%397%75%103%325%826%573%491%91%3%487%840%631%933%35%782%923%270%357%776%446%657%648%46%263%112%547%281%838%652%586%744%484%140%978%538%700%919%688%412%631%125%557%803%299%509%815%500%562%409%667%89%129%731%949%283%443%792%299%464%907%847%547%204%415%480%814%523%615%255%989%733%154%270%534%226%41%693%343%325%220%617%486%177%888%701%669%458%218%780%212%717%742%344%660%581%680%45%716%76%388%194%835%17%410%28%317%781%143%707%481%596%745%808%999%748%200%148%386%455%182%841%942%327%880%666%585%775%57%467%215%181%169%18%850%536%950%449%519%722%860%653%813%318%965%622%241%506%331%952%802%370%152%487%557%117%395%954%314%694%472%170%594%756%789%184%544%642%326%317%446%201%906%64%549%361%358%242%17%872%525%869%513%358%528%135%276%886%190%88%700%815%484%776%395%156%157%200%793%529%274%185%402%357%665%39%18%432%577%54%942%705%108%986%620%620%459%54%922%167%493%42%164%713%98%54%933%953%742%561%133%447%363%442%366%436%305%861%473%475%600%247%319%451%262%812%790%517%427%575%330%783%895%298%780%239%855%46%570%488%510%685%588%350%994%858%766%196%874%398%84%736%913%479%922%12%496%743%915%729%900%945%68%672%917%524%215%758%803%538%465%52%826%747%60%73%766%525%351%283%729%550%82%830%508%315%877%800%602%460%293%231%332%313%514%387%228%730%700%528%917%653%201%743%471%774%192%582%481%150%864%288%918%972%153%501%677%659%165%989%675%43%825%593%973%683%734%69%761%624%548%754%776%44%188%316%170%550%426%21%566%517%503%764%592%279%599%691%863%169%533%961%847%523%214%920%394%354%606%335%210%905%825%470%68%673%634%383%692%144%666%929%421%940%167%859%363%170%107%310%485%329%3%955%163%974%406%809%524%441%521%424%766%859%6%340%230%627%77%742%194%150%482%882%445%183%774%907%744%84%617%687%701%862%994%763%399%380%21%77%775%694%874%415%389%686%150%202%382%113%389%614%154%984%178%146%708%880%21%572%317%485%820%640%8%961%7%527%940%822%836%884%802%913%145%59%523%323%766%675%749%260%729%853%558%222%282%166%431%104%735%66%765%802%107%649%456%362%645%482%627%172%392%208%213%638%120%995%116%453%546%762%113%348%444%391%457%228%767%797%605%361%208%879%801%869%995%740%751%232%435%378%939%877%964%437%599%580%337%117%399%713%963%675%752%324%975%404%743%383%399%886%664%233%93%744%903%614%338%443%256%192%910%320%706%220%345%830%976%386%147%986%2%619%35%654%533%620%497%119%16%548%717%508%199%480%599%923%436%967%24%642%386%93%76%554%595%262%31%949%540%688%987%583%548%691%725%601%799%283%109%191%955%94%760%623%309%687%898%368%584%838%293%273%160%781%589%280%893%873%504%120%120%255%700%36%732%943%36%94%315%267%538%327%377%648%632%93%264%28%671%982%298%28%680%580%22%233%597%161%457%195%850%46%954%34%615%151%332%87%314%327%909%373%660%63%330%314%610%828%355%569%158%130%468%117%75%948%1000%501%691%407%952%177%307%338%217%457%769%39%826%97%180%215%949%289%402%824%390%337%544%788%179%40%829%921%305%330%871%303%792%506%679%772%752%878%667%302%844%465%34%881%915%405%257%343%623%402%611%151%894%890%382%222%315%968%657%14%881%117%330%313%529%773%887%71%436%407%785%79%248%947%867%521%457%342%82%425%374%746%980%918%778%127%939%291%813%862%934%293%65%751%519%316%600%515%374%83%739%860%214%388%934%190%149%719%424%551%337%209%224%437%93%405%443%989%886%806%116%236%214%99%770%65%142%28%521%51%577%980%417%270%969%941%285%437%678%351%214%823%584%304%705%867%333%817%945%658%397%688%133%148%952%658%30%568%72%859%563%20%972%232%652%248%337%917%776%688%671%195%657%53%159%848%323%591%557%842%732%284%671%760%873%336%573%965%318%761%87%186%170%69%427%115%763%386%217%503%821%812%992%419%340%601%898%514%110%133%471%342%692%415%861%24%49%943%551%530%694%515%200%339%604%950%40%698%729%882%520%452%996%2%757%238%262%842%996%740%583%702%661%644%344%285%371%161%111%885%326%997%30%734%689%11%181%24%807%979%595%845%204%304%881%267%952%920%241%589%129%702%600%890%951%767%287%177%638%3%614%839%47%444%9%947%46%899%973%485%819%859%112%269%721%507%83%608%737%195%615%171%820%688%454%443%576%328%857%943%144%431%366%439%514%402%74%500%959%184%133%173%663%473%244%735%144%158%850%231%661%667%871%48%282%178%749%362%804%125%866%132%357%252%101%540%44%733%25%514%328%554%439%504%977%524%781%410%220%139%280%771%238%947%772%691%570%126%494%255%19%254%698%697%869%533%946%312%168%473%186%313%702%639%581%916%822%444%180%724%571%493%702%767%448%549%202%962%121%276%22%470%904%531%237%178%236%450%25%920%782%395%524%691%466%606%223%19%995%504%284%927%124%714%766%976%566%539%263%647%30%30%547%613%118%580%758%328%115%732%615%748%38%651%848%893%419%650%987%128%252%255%439%340%35%9%150%794%292%934%885%265%282%618%934%599%38%554%242%898%634%882%383%892%925%298%718%677%332%723%104%838%503%250%401%806%832%626%478%428%46%294%22%154%632%343%988%701%985%679%655%133%771%739%966%660%349%998%168%231%690%747%477%996%269%512%336%660%201%585%161%891%946%569%80%421%605%584%551%573%455%460%481%459%432%186%435%308%428%451%932%674%611%918%777%448%615%89%102%14%306%803%144%807%862%998%354%607%357%777%648%809%682%861%775%501%321%429%48%106%217%841%599%275%732%923%838%619%8%506%974%924%502%328%478%511%640%61%153%921%693%789%954%352%194%559%80%722%301%305%13%879%804%590%155%154%827%643%7%405%459%713%820%955%101%665%942%707%321%195%213%509%969%536%24%257%535%675%387%514%826%279%904%238%987%739%861%766%55%821%63%889%192%183%848%55%742%553%771%912%874%271%675%154%265%376%941%319%798%603%219%12%679%824%12%18%299%57%689%716%917%342%461%545%4%302%586%202%204%250%822%521%51%395%543%243%592%998%772%982%14%801%100%88%377%44%677%631%98%698%450%883%328%677%12%762%783%217%242%247%854%125%528%47%115%879%523%287%74%617%540%999%354%774%591%318%225%501%183%460%698%735%222%645%525%793%74%274%127%438%233%87%756%8%634%220%948%369%293%785%993%371%296%338%626%374%699%509%317%315%816%796%262%865%328%552%545%830%380%168%685%14%568%939%908%848%43%76%674%18%35%338%84%23%502%304%398%223%45%307%619%623%754%337%22%95%716%5%933%696%314%351%492%835%660%116%495%735%229%5%417%324%338%928%879%880%298%714%325%217%572%816%684%114%812%533%496%293%493%79%411%819%528%60%751%859%937%960%864%251%417%106%754%331%547%224%446%210%895%110%671%838%753%461%649%110%295%485%546%543%509%175%900%835%704%625%264%794%199%999%950%765%311%758%812%768%638%466%158%723%531%578%915%795%997%600%403%65%291%958%411%310%306%779%132%614%852%549%543%706%687%904%901%869%811%272%525%632%450%660%618%525%438%237%395%963%914%197%612%839%513%844%533%257%872%799%622%617%514%550%600%977%918%824%859%576%551%297%730%299%975%371%295%797%484%112%424%245%102%513%824%200%270%647%345%877%670%940%516%780%493%261%307%961%65%776%138%913%741%167%6%648%388%668%5%956%45%109%75%972%859%728%132%310%349%699%160%218%732%81%269%172%230%672%444%752%462%699%629%10%185%866%4%918%287%773%859%963%86%146%35%201%294%254%694%52%120%353%851%21%813%744%573%861%677%966%961%360%808%301%822%132%562%276%517%432%135%684%552%123%277%872%733%116%972%906%893%357%718%7%596%174%357%278%409%747%312%826%783%554%898%852%988%62%487%397%882%40%875%425%845%88%940%89%462%603%301%351%961%204%291%658%193%181%236%181%863%797%308%908%349%580%574%172%635%42%40%93%666%267%562%469%601%616%159%301%420%953%2%567%99%817%871%17%911%50%966%371%860%461%337%187%968%41%83%634%570%729%282%47%36%747%730%976%533%169%677%42%979%354%929%477%707%818%648%818%337%527%955%189%599%859%312%795%463%457%854%451%666%804%949%634%24%605%206%294%907%572%366%743%497%758%844%526%788%148%894%614%664%371%769%869%744%572%569%434%478%271%498%565%619%60%763%416%929%11%349%545%798%83%377%180%985%802%499%617%714%815%9%863%877%380%47%318%806%198%568%435%961%276%499%668%957%128%37%604%860%786%34%108%738%881%280%792%194%886%316%343%60%753%222%589%864%413%950%824%637%612%554%858%9%375%787%301%598%530%685%977%833%73%652%470%208%858%109%268%718%137%52%850%30%78%439%223%1000%532%844%44%895%488%817%317%641%157%560%946%62%253%150%123%810%891%981%362%638%7%560%931%359%817%456%560%535%822%27%55%853%128%519%446%625%171%521%811%121%63%438%406%809%861%332%387%150%420%909%323%342%395%309%496%893%272%196%847%643%838%268%547%282%696%118%397%421%503%856%85%858%969%81%522%16%919%465%148%153%545%792%549%998%80%955%671%624%777%582%561%744%999%348%956%932%807%86%667%760%471%261%801%501%777%280%499%424%892%461%803%961%318%37%239%459%877%156%367%591%769%807%891%379%915%579%684%187%473%997%176%844%985%774%298%862%574%785%496%806%273%699%984%36%84%683%516%923%250%875%664%376%23%717%82%314%953%394%575%883%782%643%319%466%714%169%876%831%258%51%323%624%48%916%139%427%365%740%371%699%171%930%494%628%989%213%529%917%429%620%71%12%74%571%46%446%737%951%721%686%200%385%952%639%629%315%914%819%471%949%575%935%1000%453%830%327%247%868%635%483%139%105%868%545%622%909%885%420%36%49%901%630%401%166%430%372%395%847%567%7%626%162%538%397%964%56%739%509%814%878%671%410%450%149%187%75%728%958%355%4%35%629%745%703%372%836%2%574%661%859%128%988%104%896%824%177%297%970%46%100%9%664%489%752%659%597%881%87%935%251%626%186%674%697%741%993%650%300%501%450%578%569%528%303%973%200%191%466%990%371%853%101%181%421%605%836%496%735%950%883%754%17%923%675%192%441%461%831%941%613%749%719%643%768%666%388%544%160%874%899%706%226%895%632%566%257%326%313%454%811%6%223%925%668%711%704%228%246%140%231%169%313%545%32%193%895%983%575%673%576%672%219%762%895%621%763%203%94%68%223%248%941%492%325%64%866%296%889%808%990%342%209%390%971%122%505%28%253%950%347%765%449%104%644%324%360%312%508%12%223%253%691%429%424%824%641%473%114%166%780%268%83%41%701%189%740%806%161%584%422%957%283%966%973%272%942%135%309%602%212%489%53%656%468%879%901%671%662%27%161%171%272%31%580%102%848%78%894%799%173%987%813%132%595%956%291%30%965%674%462%470%732%568%962%691%586%480%155%567%59%812%304%27%302%730%44%87%637%48%792%491%83%897%696%989%329%354%790%844%41%362%558%402%699%482%693%219%221%672%84%704%708%572%667%751%684%131%572%906%293%100%185%35%897%25%51%763%158%576%221%552%27%474%539%640%321%238%224%35%276%788%260%682%110%913%905%798%300%64%515%825%888%78%710%858%787%152%570%849%466%180%716%796%809%518%786%740%181%341%106%250%311%578%362%470%384%6%22%104%123%848%799%398%940%960%178%212%170%636%358%741%80%92%150%506%823%179%565%854%810%327%443%710%204%14%75%822%325%377%894%882%820%914%443%858%374%762%39%809%437%624%657%576%474%502%147%779%190%541%622%827%775%22%189%146%94%426%195%180%784%754%331%808%69%974%179%38%718%966%995%399%626%383%820%689%832%758%472%596%707%842%306%805%454%736%415%2%741%674%548%163%460%3%282%969%721%732%91%284%874%49%477%276%745%220%210%877%45%627%704%885%804%66%158%196%177%785%199%730%446%541%711%863%4%469%119%213%112%493%328%426%807%786%682%867%18%624%480%650%909%879%831%749%579%876%686%548%330%508%5%568%679%842%453%647%730%595%446%727%607%258%516%225%859%82%85%853%180%183%636%518%595%780%401%828%526%54%438%248%295%493%140%805%834%363%661%298%875%71%807%73%725%213%501%841%467%457%906%749%367%980%664%29%402%822%905%982%915%835%707%996%411%82%84%941%744%415%688%434%697%825%56%158%733%609%737%693%658%320%907%463%393%106%594%757%760%817%250%795%377%279%414%920%390%180%123%188%198%284%162%982%200%603%312%622%886%389%468%911%261%100%175%845%882%162%414%134%356%977%355%532%460%65%663%766%567%283%816%588%350%998%33%546%135%730%232%919%802%134%52%928%368%102%53%537%332%962%205%475%459%264%764%456%705%359%185%344%346%677%386%903%967%465%453%266%506%728%2%288%907%451%662%884%486%726%359%640%81%996%997%525%648%758%404%254%331%170%507%704%720%476%187%670%816%578%442%491%842%241%885%412%302%479%309%269%18%304%507%882%258%398%713%778%454%319%658%982%452%452%84%561%126%778%69%987%366%910%998%720%748%699%276%741%471%772%145%159%213%375%6%271%810%15%745%600%931%859%942%38%782%752%179%489%113%261%478%403%348%306%819%341%734%549%412%845%141%643%113%791%829%158%993%757%422%170%96%298%607%637%614%731%341%187%342%825%516%429%966%662%277%291%202%785%288%628%139%598%205%79%994%259%750%66%426%962%76%739%852%751%749%970%884%902%266%404%421%78%547%646%253%506%288%42%849%265%819%522%853%889%971%739%410%857%965%652%181%412%496%462%634%552%255%348%541%586%71%387%180%854%576%837%4%876%851%945%44%516%371%418%702%1%587%714%611%650%610%659%323%802%630%950%514%674%399%330%396%336%121%572%752%992%259%363%399%697%168%851%393%988%323%900%82%867%874%702%813%146%478%284%934%753%224%579%207%42%229%58%772%469%915%277%325%416%113%227%468%822%256%470%316%762%866%2%962%904%101%981%581%962%514%554%965%295%585%711%402%696%980%48%949%441%818%771%164%689%101%773%643%701%941%187%652%345%961%780%440%515%924%675%384%301%529%779%333%996%421%311%277%958%619%30%786%699%109%458%4%257%285%766%51%816%558%86%518%777%146%837%230%797%458%219%106%152%976%902%716%31%664%340%677%87%338%16%813%713%232%6%328%538%991%270%701%485%240%376%496%684%822%59%53%267%607%592%852%6%25%37%27%735%643%177%396%214%799%891%652%466%304%486%114%604%281%540%665%527%466%546%333%854%340%336%49%885%988%38%714%302%981%239%680%39%619%218%978%806%892%201%548%21%468%556%958%646%788%810%479%364%895%73%616%372%743%942%215%835%447%776%309%75%405%614%410%778%688%712%498%713%619%105%945%965%900%672%440%5%693

6. could you remove all of the duplicate value in the following list?
[295,216,125,234,420,196,376,205,151,315,429,228,250,306,411,146,402,208,178,174,293,391,343,243,119,238,332,266,135,298,221,248,323,136,421,227,88,91,195,278,172]

7. Fetch all of the odd number in the following string and save them in the list please print them out
580%68%878%724%660%251%855%56%92%772%498%155%178%684%964%815%437%24%831%994%827%652%322%86%381%822%789%866%269%534%201%806%672%479%948%687%441%430%477%960%518%264%278%402%717%860%248%954%691%774%846%66%329%577%149%505%729%518%96%238%53%395%199%58%794%472%114%703%893%783%504%845%991%940%167%381%619%246%542%83%462%852%387%44%246%598%489%987%745%749%107%148%85%596%14%285%356%695%25%422%452%497%429%558%819%419%600%639%379%341%116%360%896%413%477%437%471%431%964%577%808%265%957%717%893%451%908%419%72%93%516%16%541%367%992%449%509%551%558%727%106%365%439%204%667%323%928%324%187%425%16%700%438%164%857%711%326%291%529%660%439%460%16%480%483%908%879%573%203%761%445%170%343%885%726%703%459%266%316%857%759%465%165%412%377%993%885%919%424%26%510%339%139%505%690%263%409%672%794%202%263%672%253%854%267%421%990%463%353%639%324%994%303%54%617%861%744%115%811%154%938%340%741%724%120%460%194%296%360%710%383%319%461%278%696%655%185%467%142%816%590%747%357%518%80%335%340%725%193%713%877%568%465%638%610%302%610%106%435%928%642%267%748%19%182%142%223%121%853%813%519%436%156%182%217%609%105%680%109%841%467%327%145%927%335%704%695%761%769%904%239%207%660%330%956%961%930%109%491%644%470%149%599%539%972%213%302%11%219%554%517%986%115%923%622%112%844%939%535%357%856%820%417%844%683%365%946%428%962%239%831%768%689%731%720%656%239%320%313%645%638%983%354%71%742%132%943%618%933%936%150%701%76%507%897%235%599%94%890%537%736%722%750%769%437%527%211%771%634%22%160%748%85%728%260%419%856%509%872%194%324%12%660%353%204%983%291%126%658%757%757%513%534%868%810%946%967%156%388%7%347%980%382%734%266%8%128%64%666%721%353%523%186%948%841%399%811%956%440%981%276%765%625%596%59%371%150%821%187%757%854%556%781%261%568%325%591%64%769%581%697%458%542%717%759%277%352%662%288%710%87%803%490%571%101%561%128%524%224%754%670%916%283%462%635%760%340%232%907%322%641%473%598%821%7%807%795%762%181%885%65%783%565%111%359%911%684%49%856%684%41%352%883%747%36%800%667%738%148%672%425%304%186%618%527%317%384%802%870%821%327%64%1%10%811%81%98%209%802%58%861%34%923%675%597%999%28%579%864%749%440%831%716%395%35%862%490%759%34%916%60%403%647%86%789%670%678%543%854%759%103%968%466%250%818%382%510%561%678%713%377%991%625%502%784%286%214%349%152%637%355%259%137%490%467%857%263%860%32%684%151%485%467%666%46%789%107%122%512%738%895%740%240%516%238%990%632%196%244%924%251%673%202%787%779%227%109%573%190%591%819%121%185%821%326%136%137%381%198%605%847%567%644%824%231%558%339%449%315%344%592%182%313%667%90%307%567%598%191%42%143%128%816%84%104%395%765%347%459%940%533%508%784%673%83%288%100%80%477%751%718%771%794%299%443%88%53%9%278%791%460%192%94%42%361%393%260%34%809%866%761%815%601%419%166%188%586%155%594%622%211%964%525%184%438%321%339%822%540%926%57%602%794%353%188%368%383%849%906%38%785%754%717%853%819%136%799%579%520%687%89%542%762%739%577%733%671%172%353%62%904%127%184%38%781%932%540%289%299%640%224%340%586%341%895%636%608%801%448%555%395%475%323%590%130%465%426%580%8%789%172%120%767%293%678%917%53%799%129%709%999%971%44%709%836%942%433%627%838%987%776%119%395%176%542%161%392%337%748%739%707%736%628%826%565%551%768%307%299%813%565%740%97%155%561%6%589%170%879%331%603%962%144%646%215%537%407%581%561%831%326%606%818%486%21%890%653%21%670%579%101%564%427%477%366%226%803%177%868%764%825%931%487%682%883%330%899%522%942%276%430%291%26%808%393%771%428%92%157%345%287%363%963%582%342%119%611%73%881%99%962%721%460%566%421%279%240%983%837%246%702%899%608%497%316%538%135%798%419%406%29%298%816%986%356%268%562%260%994%215%618%328%900%414%456%176%528%140%58%297%153%365%314%461%692%199%580%398%1000%904%995%867%759%134%367%248%516%522%902%715%654%257%987%721%639%169%883%585%949%174%228%404%305%523%413%848%86%284%41%174%419%886%615%737%812%306%614%419%715%139%766%300%434%103%19%684%288%997%249%68%842%423%363%27%979%638%501%318%367%194%739%121%34%89%253%644%221%242%42%581%427%719%249%944%787%427%935%806%374%662%38%431%596%144%494%907%743%485%307%612%16%91%983%287%169%229%731%216%683%511%463%117%698%665%20%697%684%311%800%272%409%226%840%936%891%524%326%541%841%253%215%187%91%940%268%398%235%966%252%163%910%247%774%898%617%195%51%263%873%384%887%616%423%486%490%235%378%154%28%392%643%793%788%92%379%24%679%895%549%915%592%470%932%817%766%546%656%973%930%752%326%413%353%881%385%776%159%421%141%949%403%606%738%798%506%568%333%977%560%453%574%450%255%714%906%367%661%577%17%969%345%607%697%346%127%486%728%42%525%197%538%225%322%26%766%735%642%628%64%550%813%715%205%483%514%457%805%905%267%928%216%11%889%173%770%195%663%526%149%879%724%569%421%27%165%641%734%615%328%764%258%464%121%5%584%622%141%245%276%874%599%12%492%424%264%441%3%814%329%262%444%401%727%813%50%338%838%720%626%740%246%335%316%941%999%941%172%891%87%464%914%537%414%222%989%337%614%478%250%630%457%235%111%239%938%336%136%785%915%799%918%660%811%745%1000%894%912%303%619%902%430%206%141%457%256%77%941%264%329%840%499%924%161%967%502%886%38%448%415%900%347%274%406%418%692%2%140%584%967%63%890%353%31%439%895%220%604%83%125%222%57%629%469%511%30%348%282%375%796%252%976%573%555%405%274%247%304%932%751%944%357%953%932%13%119%446%458%195%660%363%195%975%415%689%564%244%996%43%163%436%676%444%344%867%564%629%712%755%118%631%296%171%246%705%465%908%557%669%528%650%122%914%394%982%525%736%759%595%902%349%417%980%651%585%284%609%803%856%893%312%951%597%935%522%791%161%218%931%321%761%673%693%304%121%356%291%592%17%18%276%945%885%704%302%178%730%331%62%205%454%177%960%909%713%144%710%585%493%1000%897%201%770%469%989%528%282%313%27%465%43%503%276%338%204%491%114%595%636%270%348%925%807%91%434%786%20%677%151%328%834%80%896%324%996%295%499%996%793%348%960%829%241%613%190%57%683%431%556%355%467%654%141%529%641%765%461%629%933%133%460%408%133%922%987%844%390%952%1%957%127%613%495%665%377%721%584%746%461%803%600%357%128%565%68%77%777%223%699%339%936%955%663%861%43%197%756%626%75%703%205%107%491%476%566%760%812%724%776%509%567%12%519%160%461%203%769%675%594%820%6%799%27%964%936%552%785%368%704%953%462%859%189%61%687%620%221%29%974%465%231%609%353%988%613%399%39%988%66%526%410%235%174%697%853%848%845%699%175%728%108%485%623%792%187%99%785%820%632%39%797%152%66%172%726%755%21%641%654%217%346%656%997%205%953%453%174%67%778%319%737%625%665%198%52%223%682%229%239%638%61%843%424%664%850%711%636%211%89%524%914%854%466%364%633%638%709%815%217%443%857%907%603%80%659%947%769%581%882%951%403%662%932%607%862%866%92%849%117%545%887%967%827%235%286%97%382%14%403%540%24%143%648%134%645%303%81%642%596%964%731%32%295%207%937%337%917%165%995%104%366%316%464%492%445%829%130%913%261%992%162%922%207%303%276%994%985%417%576%889%285%887%5%451%854%964%983%780%795%17%483%847%344%220%769%231%186%885%105%885%629%181%387%916%888%48%248%610%788%615%775%777%887%830%642%391%195%709%218%61%705%980%69%365%103%659%477%455%613%89%139%38%478%887%388%126%68%214%872%15%2%845%405%259%120%914%742%762%620%948%249%65%576%843%844%842%154%247%335%553%147%4%228%121%756%549%826%189%53%803%814%748%19%129%703%29%411%522%102%480%761%965%301%547%126%37%44%906%60%568%300%743%934%938%655%409%836%771%483%822%145%96%366%551%783%502%623%909%998%304%802%475%282%341%160%618%147%456%217%134%589%110%674%601%358%493%651%39%195%685%262%890%866%392%792%255%238%553%791%797%943%971%524%13%82%810%323%412%621%61%632%287%912%893%256%853%599%122%120%512%962%322%335%723%911%516%498%953%878%165%723%70%97%207%670%9%462%519%171%790%916%442%263%769%495%363%230%535%508%255%499%187%460%851%224%155%188%247%929%964%627%977%478%994%193%531%533%933%314%732%328%795%315%501%662%613%825%45%943%433%320%995%445%525%994%773%706%585%940%894%99%813%277%688%310%527%358%230%966%575%164%877%46%878%438%319%300%969%333%61%384%340%130%57%67%564%41%476%310%779%669%325%326%603%125%625%134%467%94%391%984%530%359%871%962%890%590%965%42%585%652%629%973%633%198%539%769%776%383%283%699%245%512%869%897%842%970%715%482%761%129%598%822%972%969%862%295%699%657%608%614%912%203%996%266%540%920%840%548%34%276%945%512%30%672%156%862%999%354%597%145%271%605%555%298%112%863%706%777%432%678%715%343%532%89%766%453%940%536%77%783%78%785%126%50%187%196%605%316%122%472%388%18%303%25%304%984%174%568%39%92%77%852%913%576%572%721%842%498%11%582%256%135%174%254%534%614%512%980%30%401%501%944%384%276%948%739%470%145%5%997%238%514%1000%199%84%970%846%65%263%904%77%512%317%299%784%749%203%623%147%29%467%985%449%443%625%264%542%769%146%881%220%980%697%183%326%887%178%339%840%268%569%852%545%824%787%478%363%726%450%104%733%568%949%299%372%564%376%142%164%914%861%630%878%399%534%25%251%369%373%926%393%545%45%695%722%484%239%693%366%149%827%739%120%544%471%738%586%941%637%274%676%830%497%577%912%47%884%737%278%677%477%938%650%971%760%840%408%666%833%628%194%988%915%199%22%979%233%909%514%251%814%605%837%741%112%654%584%912%25%261%225%630%442%958%566%203%871%3%800%781%437%412%266%421%930%71%713%639%617%154%316%126%363%296%591%366%870%161%320%356%565%887%896%399%474%174%75%530%290%882%195%789%855%268%372%340%376%104%438%86%654%710%231%732%117%513%532%44%552%67%33%324%26%832%532%489%995%61%198%142%339%430%666%113%543%146%851%880%120%60%584%71%192%74%995%312%893%165%903%516%287%246%262%89%61%881%164%803%987%383%66%513%309%469%469%589%495%7%4%399%59%918%679%822%214%926%210%634%351%853%729%800%236%466%269%239%422%40%613%362%414%749%157%360%832%643%435%795%586%571%123%787%545%166%486%842%7%837%931%212%444%84%663%580%306%549%81%893%500%1%99%839%973%66%572%128%626%120%25%635%345%531%646%521%939%957%204%209%653%570%185%816%742%473%293%104%981%435%742%660%233%336%944%139%751%456%747%743%823%120%40%37%660%313%557%922%422%340%497%477%817%663%240%720%693%106%982%531%679%463%692%140%414%746%874%690%77%126%216%109%494%24%778%987%270%787%498%566%857%793%118%582%804%123%610%101%802%198%459%668%452%212%894%214%397%491%88%634%20%455%731%663%388%698%654%105%992%494%115%757%198%947%190%163%706%870%219%342%777%355%545%349%334%89%807%145%539%792%275%854%485%189%367%381%66%564%244%296%916%109%930%828%520%694%583%398%65%666%787%477%929%383%665%397%170%750%823%995%365%697%877%401%512%203%982%462%573%884%163%381%408%276%447%652%965%826%308%994%822%289%488%717%185%259%353%501%517%281%180%978%3%972%760%400%581%635%248%161%462%708%897%810%90%942%536%221%377%812%495%414%13%357%579%708%923%16%546%404%503%598%176%230%289%474%169%104%266%902%835%800%211%52%413%815%911%665%623%125%70%431%254%299%318%721%322%283%920%553%159%805%429%807%458%855%604%608%217%231%189%906%82%257%842%502%475%784%265%802%499%279%968%19%424%521%897%473%747%63%389%361%297%128%118%15%982%869%234%369%638%800%652%457%289%260%214%685%736%536%771%829%750%512%976%824%496%678%773%80%795%889%728%921%439%798%952%957%258%380%914%597%659%386%15%578%930%217%894%998%290%30%454%163%913%460%661%795%494%164%91%429%396%700%696%753%647%644%594%395%785%190%586%918%513%594%220%200%382%156%126%275%456%781%686%979%195%663%97%438%819%731%468%899%855%696%424%830%627%831%803%519%118%845%748%423%205%718%225%96%5%304%623%811%808%878%73%63%484%728%303%442%154%853%87%322%385%892%765%718%311%721%577%21%774%914%822%996%667%599%122%401%897%993%680%937%452%849%235%239%235%374%482%333%83%476%758%649%940%32%646%528%289%441%426%394%151%198%232%631%928%915%891%673%460%632%894%432%912%95%626%788%772%762%989%639%976%286%745%721%923%796%359%310%731%705%161%66%692%531%971%41%221%759%983%511%66%949%606%508%343%731%777%964%965%261%25%48%511%281%810%783%617%766%70%538%795%28%396%956%284%524%222%572%853%886%221%1000%76%98%647%332%133%435%553%564%227%223%7%729%256%678%56%296%181%751%823%814%811%895%724%880%144%847%509%162%297%436%93%83%542%374%291%706%680%744%656%320%673%106%635%593%189%587%232%616%8%417%201%75%631%559%486%493%445%845%657%292%33%135%230%123%924%763%781%241%307%912%834%312%240%318%732%262%368%776%885%994%513%969%351%686%399%884%973%738%328%570%337%704%845%11%55%791%939%993%967%645%18%331%531%118%329%742%115%55%807%22%647%364%242%818%111%478%913%371%911%301%710%748%158%542%968%579%387%471%706%594%576%975%828%420%1%30%809%355%506%892%781%325%407%424%582%711%200%535%881%31%70%127%600%27%146%446%260%331%449%961%701%359%561%572%839%569%631%455%35%20%560%886%1%100%844%82%807%926%351%837%340%229%305%642%643%215%42%220%66%557%817%209%5%216%707%741%7%665%615%395%985%848%763%875%61%721%576%317%620%816%91%879%698%511%594%532%218%835%356%232%777%450%621%903%178%378%513%304%916%567%232%635%436%175%338%48%128%665%125%83%174%982%997%110%339%327%348%160%870%156%824%276%714%270%690%430%905%132%933%147%48%899%220%693%698%726%742%154%742%947%519%372%458%406%533%289%331%528%355%13%538%400%793%632%208%891%137%285%281%207%173%764%164%558%403%333%372%171%606%210%704%518%376%801%491%519%776%633%129%794%630%62%352%805%752%660%13%500%765%421%220%430%566%147%534%640%187%31%111%662%596%563%322%786%622%596%853%5%574%549%321%834%667%933%257%503%934%167%815%663%103%281%147%756%697%385%222%135%19%180%429%961%306%209%356%572%245%477%330%274%613%213%633%6%644%906%946%727%368%299%32%520%356%115%412%275%760%46%578%991%520%166%629%960%634%449%308%849%972%865%37%754%312%517%324%974%208%607%718%529%677%863%636%896%685%521%750%286%713%475%200%930%568%210%347%273%640%492%252%662%208%960%601%557%123%290%9%514%991%362%707%740%696%822%585%642%853%891%280%158%532%341%35%920%232%546%442%515%36%702%498%229%328%933%518%272%901%182%377%584%343%77%236%227%565%441%220%966%791%99%690%74%588%485%631%124%339%354%940%706%298%983%634%379%440%726%835%565%373%660%469%714%812%337%736%305%531%56%199%587%436%16%95%35%970%913%922%634%482%570%66%822%652%741%963%784%781%775%272%674%634%801%163%143%632%336%794%905%953%751%20%757%867%370%969%884%461%53%897%729%780%839%965%202%99%49%242%952%379%625%180%747%890%29%75%633%414%565%417%731%661%318%638%748%838%81%460%690%786%242%412%263%772%573%166%331%911%681%459%830%710%645%21%383%696%109%882%466%616%116%594%856%428%97%670%782%47%884%42%994%359%782%845%458%218%172%373%693%352%782%470%202%683%587%792%782%39%915%803%709%885%487%672%131%496%334%56%984%34%917%197%244%123%79%340%181%209%703%858%12%436%863%591%269%199%825%523%243%561%506%260%246%654%972%660%496%410%542%388%222%511%15%395%254%400%28%367%857%980%676%748%889%300%587%556%576%319%558%882%545%400%819%901%564%530%117%973%536%239%667%252%123%301%383%657%730%805%952%263%990%53%842%53%461%514%643%430%858%599%229%669%222%399%722%256%283%471%488%668%865%428%295%451%298%180%408%206%810%842%409%321%461%642%941%991%955%27%272%196%516%904%146%685%929%479%451%400%879%80%503%907%846%579%499%71%679%126%19%592%195%852%448%723%146%20%125%386%321%812%306%42%9%476%224%475%319%673%394%980%712%531%201%862%139%702%963%13%310%954%205%185%966%745%991%512%312%958%984%35%737%346%626%955%533%587%977%491%755%406%249%261%783%494%601%221%765%805%883%796%365%149%40%238%63%24%471%523%354%68%34%130%478%928%186%149%918%380%275%519%450%719%295%858%488%978%612%949%540%873%68%325%999%143%635%433%940%140%963%896%82%696%84%448%598%449%667%839%387%666%974%496%862%685%219%573%772%273%419%458%336%523%352%445%160%759%33%429%905%495%971%900%612%835%200%534%836%856%622%607%378%407%766%141%128%557%426%324%222%220%193%388%491%631%830%726%41%679%163%683%723%303%330%390%986%238%221%977%496%517%381%817%831%294%620%443%521%818%376%40%981%160%699%650%599%964%433%107%980%93%137%793%114%227%479%321%6%776%106%671%346%994%185%572%74%25%684%824%2%858%158%895%945%482%463%18%720%738%157%359%917%341%665%873%882%277%593%760%218%797%258%917%821%331%384%895%577%717%743%494%114%662%313%359%546%935%373%725%614%948%766%111%62%788%627%633%239%84%570%712%360%716%394%781%33%534%1%538%63%537%11%403%301%612%811%754%359%327%504%887%407%219%552%239%775%931%623%899%841%490%668%831%232%709%241%685%133%443%646%95%102%902%687%534%422%896%878%938%87%700%929%43%694%412%836%954%599%836%757%28%464%736%436%417%543%317%779%538%933%722%570%758%697%467%546%30%139%261%516%817%375%945%983%507%33%18%158%784%820%299%94%650%87%430%292%939%5%737%174%367%680%264%721%980%550%327%571%330%201%523%290%300%242%231%248%235%74%351%833%173%217%886%709%390%361%635%956%476%164%874%162%567%419%184%564%228%193%257%772%907%948%365%821%228%197%285%545%505%688%159%695%740%427%53%208%762%753%790%307%635%743%556%231%611%882%516%208%853%255%727%713%283%760%624%419%323%325%47%738%62%470%255%519%272%616%929%326%402%864%215%946%399%973%204%202%576%152%245%176%671%837%29%430%37%904%237%886%191%538%78%133%12%575%720%198%369%504%699%204%265%718%624%230%220%183%228%479%497%171%870%255%111%816%274%584%817%870%428%829%548%664%186%120%438%979%287%793%734%415%824%197%303%734%126%317%638%479%238%73%95%699%308%414%270%951%970%101%38%964%960%32%716%455%555%353%820%908%463%552%994%788%807%501%710%824%230%594%870%348%239%820%235%242%231%958%283%466%664%548%778%500%528%483%340%999%88%820%13%177%364%671%821%637%387%772%881%962%619%591%132%482%46%899%485%796%531%680%969%14%524%771%882%10%934%789%294%234%189%128%444%464%946%167%933%834%463%276%316%667%143%247%803%307%260%347%666%910%782%957%77%11%973%770%27%138%982%491%189%213%618%206%795%596%435%381%307%511%500%415%733%226%79%202%610%986%149%291%581%144%327%271%431%817%834%254%740%800%105%626%532%671%816%326%91%448%555%298%719%147%833%259%566%949%781%915%159%507%477%492%612%133%692%954%276%592%507%609%321%404%807%755%424%831%159%601%93%783%968%56%608%640%232%550%698%88%993%548%291%939%525%119%559%476%404%97%658%677%737%89%481%468%674%927%986%884%667%353%856%232%753%991%283%43%662%849%871%336%123%991%396%542%391%435%413%87%851%37%256%49%360%113%51%342%912%195%616%123%808%469%745%666%435%88%116%557%884%650%297%30%446%777%380%757%520%881%268%754%831%390%755%892%220%342%130%284%341%869%11%157%986%862%653%927%243%322%1000%954%397%990%361%727%170%889%487%919%824%57%400%726%286%72%247%461%55%471%614%474%73%381%72%805%854%563%474%440%840%676%585%456%22%858%887%764%586%124%62%787%750%44%902%944%591%134%454%88%240%167%484%471%522%207%451%423%732%289%322%358%386%218%92%8%536%967%155%131%320%322%512%869%945%285%443%672%588%292%757%686%765%524%729%733%225%856%583%446%413%327%827%747%283%680%730%399%41%6%491%974%355%60%452%881%12%60%79%160%795%151%297%619%492%663%452%768%318%528%912%708%198%102%678%696%187%801%287%941%592%455%876%596%261%442%696%452%818%509%358%944%728%257%864%397%104%726%62%598%569%210%156%64%31%329%430%817%228%787%91%712%591%335%235%232%370%362%319%456%148%475%278%362%476%279%139%342%615%35%408%193%670%130%171%714%195%785%108%237%841%20%162%269%150%507%909%581%316%203%324%877%214%771%82%52%341%834%969%11%245%378%660%47%180%866%976%129%765%250%600%330%910%615%463%252%935%453%207%312%266%782%860%216%61%920%212%838%124%760%323%222%140%952%118%436%576%238%615%377%875%133%829%964%724%522%222%614%699%468%163%62%588%609%377%835%135%516%674%404%669%461%286%166%464%544%718%980%41%260%65%679%183%31%877%585%385%938%942%808%951%361%553%248%352%407%639%881%960%977%850%932%733%522%469%100%236%376%275%758%644%309%846%935%52%59%743%192%993%460%581%804%905%325%737%448%135%37%986%492%563%812%987%766%428%543%383%400%308%401%436%516%224%879%423%56%92%657%188%389%511%846%664%843%82%43%945%69%756%467%541%465%553%503%682%707%779%111%934%78%755%367%212%81%206%84%807%556%878%986%18%221%443%458%911%689%752%976%616%187%43%239%793%648%684%844%106%377%663%339%856%966%863%965%841%435%349%422%222%857%130%515%787%664%588%702%451%577%782%682%681%180%948%877%634%445%892%513%675%477%997%602%357%840%841%211%309%874%736%615%438%358%416%785%392%461%520%764%216%227%855%358%746%794%160%75%417%731%351%410%697%333%881%300%569%954%244%309%858%706%261%206%855%960%540%433%80%379%6%309%767%385%263%924%574%385%81%621%632%269%45%396%472%765%321%41%173%611%164%539%555%475%569%968%840%711%929%211%410%705%628%102%931%231%634%698%604%266%395%325%40%361%870%576%577%732%933%440%266%462%750%642%932%474%689%724%63%136%580%430%677%50%993%725%967%866%170%252%136%444%7%105%916%482%61%228%706%24%3%927%638%429%696%596%409%636%84%374%397%617%753%480%798%859%259%45%995%535%17%324%314%898%735%954%828%179%419%116%32%891%331%600%876%334%743%950%287%478%998%382%480%497%523%258%587%888%723%730%648%292%754%684%356%927%700%199%325%720%306%772%62%919%394%919%530%976%677%960%505%508%175%944%525%173%202%457%704%298%922%430%217%777%350%687%737%160%230%556%163%754%178%587%457%321%95%303%624%677%89%266%528%401%152%47%936%461%98%333%496%759%955%120%741%961%214%929%807%474%141%837%923%46%297%755%905%45%45%135%825%285%143%155%939%921%610%226%769%583%368%170%348%844%106%359%795%627%955%811%434%472%248%146%444%330%488%286%540%152%887%314%910%620%673%931%644%718%66%298%368%889%71%456%712%759%201%928%778%774%812%510%564%732%746%24%567%690%387%259%556%577%219%817%858%240%945%563%288%134%644%395%396%266%582%525%343%815%100%874%905%673%48%999%831%534%390%1%931%442%69%201%107%120%390%941%417%454%243%146%197%557%800%465%191%713%486%775%710%593%403%629%720%354%546%747%591%282%38%324%592%390%258%245%925%608%179%798%757%770%396%609%920%888%507%842%10%769%285%849%466%479%715%793%378%564%843%80%378%650%447%959%534%140%887%445%286%181%518%799%381%97%609%426%656%369%818%415%619%873%418%117%142%46%370%372%220%69%116%96%743%288%325%773%156%441%184%789%202%427%137%391%242%585%94%950%837%598%299%918%773%556%921%674%762%472%774%187%203%831%191%68%932%527%940%286%566%957%916%143%76%942%340%304%271%218%863%904%788%233%191%404%19%124%894%1000%918%868%332%326%162%146%262%439%124%532%524%221%718%791%607%248%809%270%721%609%422%671%678%840%135%577%22%483%416%585%770%857%989%702%694%219%729%832%514%475%618%93%194%636%861%588%768%150%377%522%694%816%122%617%685%617%894%878%120%411%162%908%60%938%757%633%191%311%7%389%268%87%229%219%602%410%940%240%548%521%116%815%920%331%141%696%193%540%433%883%126%629%484%802%769%939%251%731%588%923%266%26%849%404%275%850%817%880%78%542%984%616%866%348%596%265%419%776%117%988%166%411%338%269%859%779%520%611%141%538%948%352%945%530%803%606%237%533%344%345%342%452%872%263%725%124%654%356%750%833%570%953%369%797%446%929%569%281%597%79%425%322%155%915%820%441%910%926%664%991%674%36%538%858%67%920%467%557%942%121%25%11%251%604%355%366%874%734%578%373%415%239%974%632%333%223%259%146%861%413%262%441%797%166%20%28%588%57%374%758%311%971%292%172%766%817%956%280%381%56%953%929%511%676%246%458%173%624%113%895%388%941%658%987%589%38%892%114%104%790%656%287%827%34%211%198%987%863%461%27%302%312%944%870%54%886%994%823%221%819%869%746%125%764%871%501%140%263%469%558%695%70%600%572%118%919%918%34%950%3%97%729%527%206%657%841%171%486%431%74%376%936%968%314%876%621%935%616%914%817%504%905%480%729%524%336%126%847%521%862%403%440%369%65%308%482%919%965%139%889%814%934%759%502%880%945%304%20%534%241%513%601%991%572%751%619%682%204%324%259%745%277%102%494%223%956%800%946%494%310%203%596%944%479%713%902%685%636%780%845%671%287%439%899%793%63%4%234%20%93%563%929%197%16%951%112%419%584%340%387%363%3%142%165%603%813%20%1000%680%112%299%449%548%138%811%33%244%863%968%703%901%802%434%349%426%66%302%620%557%281%643%511%6%621%460%719%866%257%101%958%471%369%45%530%578%160%548%733%256%461%335%732%403%500%290%199%203%665%835%837%484%641%24%545%484%264%321%765%130%18%49%486%746%66%278%482%372%136%64%353%474%835%890%266%197%248%992%95%990%484%158%791%686%267%439%271%170%439%228%895%431%602%75%260%317%279%595%134%915%756%94%605%465%564%725%796%528%659%328%539%453%837%710%119%334%92%56%518%376%460%308%952%476%639%259%97%39%623%336%799%426%731%94%262%978%122%782%263%223%388%188%836%644%495%317%740%147%442%266%454%302%902%59%808%685%631%203%240%263%75%531%256%540%593%905%162%62%590%384%312%423%739%148%350%194%859%769%276%208%507%461%500%603%297%864%456%49%337%659%181%566%986%159%757%157%9%773%492%361%233%185%856%693%707%129%17%994%865%969%984%236%134%885%509%382%868%530%713%849%260%299%124%274%264%684%12%680%559%746%977%645%418%231%971%316%987%302%613%666%944%388%242%734%715%37%587%574%797%374%125%177%492%214%566%898%622%876%499%100%406%862%958%741%499%850%171%106%44%182%900%974%440%26%208%725%348%53%996%436%584%995%586%204%401%76%867%987%416%834%774%829%547%70%767%284%524%634%296%713%843%173%870%538%570%916%3%919%432%521%437%630%504%116%659%17%757%971%57%835%676%485%744%686%479%311%988%218%795%561%427%909%178%504%938%258%795%990%41%782%817%197%455%998%580%612%357%905%645%533%567%802%189%438%488%927%251%413%497%754%644%714%629%154%529%687%720%553%100%289%779%282%544%630%970%699%606%635%775%533%7%408%552%150%969%156%630%492%303%411%111%1000%61%68%604%79%15%105%963%683%113%705%260%958%616%792%983%468%533%97%503%468%326%214%118%400%271%3%808%657%501%396%610%32%548%828%144%638%92%818%977%810%574%907%475%24%793%761%710%679%323%434%189%260%331%268%938%544%468%458%42%529%16%573%202%497%116%104%782%790%36%254%179%807%845%617%773%114%250%409%225%990%937%34%115%397%57%390%677%949%246%909%575%379%104%902%466%500%469%775%188%301%510%58%175%433%488%196%874%799%529%257%63%716%21%304%687%105%477%101%276%790%255%998%111%281%59%431%905%826%700%327%120%264%897%367%425%290%193%804%553%943%625%691%701%784%324%736%633%242%294%654%675%640%968%776%992%621%68%85%988%524%862%199%249%773%77%379%669%106%138%159%529%893%657%382%720%715%785%654%692%544%234%127%292%323%281%542%529%380%918%28%159%608%58%874%641%858%605%202%560%950%665%692%655%63%813%709%985%594%422%98%102%458%474%344%385%900%659%473%351%665%997%204%717%881%48%41%419%618%115%958%649%491%55%565%240%51%551%464%443%536%837%593%420%761%452%710%481%336%382%530%181%96%794%383%496%251%919%860%730%996%471%268%99%220%74%870%981%444%718%346%582%801%773%32%425%596%139%294%16%541%106%736%827%931%683%291%647%249%374%928%602%615%691%218%480%541%953%413%765%531%814%253%431%986%829%541%108%969%940%944%914%325%341%749%459%890%373%21%876%346%74%241%391%459%46%579%116%900%255%624%576%739%862%263%950%517%34%771%852%305%723%96%32%772%891%60%769%616%556%86%304%510%861%139%792%790%468%506%829%943%719%32%686%147%334%79%20%1%853%273%408%972%6%866%582%471%168%62%152%383%132%659%307%671%902%388%214%875%800%577%734%414%316%937%184%46%941%264%925%369%551%831%261%597%324%148%323%160%763%735%338%834%24%316%959%386%273%313%515%731%521%148%556%875%59%931%101%264%14%392%232%879%737%210%241%371%902%972%432%782%617%373%866%729%758%315%592%325%511%918%80%141%675%495%214%246%378%168%810%584%857%841%953%870%467%51%742%535%879%102%448%410%389%104%729%970%656%638%545%844%912%963%271%846%199%289%47%725%936%15%820%695%935%387%766%303%658%777%89%216%929%900%569%654%273%934%43%776%144%607%165%264%856%60%665%200%891%21%686%877%353%805%854%487%728%97%503%958%452%441%223%110%447%45%906%297%855%290%326%432%454%106%604%353%587%704%793%917%858%606%590%913%968%711%745%297%996%711%83%416%305%354%915%841%84%398%478%864%595%382%349%463%415%733%196%680%416%976%928%298%526%467%841%984%569%532%66%905%592%873%611%630%24%39%398%694%259%835%847%748%237%392%243%175%477%829%990%167%30%644%883%536%219%282%642%480%530%18%833%482%932%387%920%688%382%58%339%796%605%947%357%459%773%859%513%515%799%593%17%670%873%134%434%845%533%367%858%385%328%425%398%710%878%451%65%245%144%194%412%105%377%855%500%258%763%711%878%86%889%745%351%456%417%433%719%322%551%928%440%260%324%818%248%56%636%181%120%266%694%556%205%749%80%207%225%163%538%424%537%882%747%267%971%372%408%783%950%782%136%868%333%705%3%101%572%677%804%693%988%257%214%823%699%177%568%745%52%824%447%173%452%11%996%563%49%501%55%756%791%696%63%667%771%198%852%571%618%623%890%228%854%589%923%888%638%195%303%285%528%331%213%617%892%496%347%926%931%747%329%527%294%559%596%772%933%573%276%521%627%590%157%757%273%45%729%683%600%951%606%757%182%540%936%426%193%325%359%796%343%142%30%746%946%871%187%284%273%311%725%128%462%859%663%531%821%561%421%940%954%578%885%23%24%327%714%420%535%890%537%508%554%557%270%897%692%890%634%747%287%582%551%913%554%815%170%365%662%185%751%110%272%59%965%609%193%793%133%269%360%470%709%42%420%850%498%505%917%399%54%541%301%870%19%328%765%279%691%681%491%429%5%480%364%681%123%921%702%871%45%170%113%193%430%632%792%270%554%629%950%34%203%257%742%185%933%713%593%982%902%196%314%335%268%48%903%526%452%58%865%247%670%231%134%434%562%310%539%612%811%789%811%182%939%224%419%295%390%341%543%877%951%583%429%720%745%730%781%459%471%876%181%274%938%200%775%406%756%477%436%21%295%843%751%692%827%362%903%668%538%704%420%116%436%1%966%279%829%778%87%135%11%136%547%796%655%757%110%801%524%237%725%568%447%19%322%103%25%321%140%148%315%483%713%451%698%682%639%150%382%721%607%392%992%506%41%324%558%99%279%449%541%155%635%536%355%141%116%544%358%574%797%354%825%773%722%773%88%271%227%115%199%320%159%133%906%436%793%973%274%875%852%19%190%159%709%155%811%158%157%856%132%847%220%134%658%848%113%681%772%460%435%329%485%749%450%177%675%881%126%598%149%191%990%803%172%860%166%915%1000%192%466%939%280%736%871%959%236%82%145%73%464%312%421%595%449%810%840%658%943%861%455%612%70%546%12%425%168%436%853%997%861%414%578%404%48%193%383%637%190%795%725%37%405%881%23%52%841%912%443%995%404%663%109%467%537%449%139%183%84%452%66%230%573%487%922%413%725%1000%25%319%441%347%899%195%489%861%948%413%950%222%537%24%830%505%987%309%969%191%759%409%830%740%359%702%17%555%673%774%835%35%823%143%977%572%6%618%789%873%395%280%780%164%117%545%248%193%791%400%971%320%396%235%208%147%838%230%871%77%498%537%267%762%482%245%566%978%431%172%499%927%795%100%529%171%198%129%869%694%489%774%762%612%925%292%498%108%646%826%562%40%696%632%89%533%834%246%445%662%671%224%265%638%957%15%842%533%649%117%691%959%189%579%538%17%96%79%761%786%672%113%40%677%908%918%278%408%841%910%505%609%750%596%66%571%477%651%489%712%422%518%176%165%731%570%659%797%222%61%802%67%39%426%350%788%340%865%562%504%414%361%172%100%974%2%468%851%795%505%302%353%997%794%569%615%971%747%742%118%488%710%504%917%295%319%418%577%871%238%246%744%92%698%291%346%192%238%720%961%938%685%675%353%132%258%246%74%26%170%350%853%144%731%53%714%276%342%680%899%352%916%598%515%27%15%691%548%884%218%983%945%79%380%677%710%328%874%520%644%939%592%701%518%643%338%342%605%5%30%337%870%281%970%434%998%957%685%40%495%718%907%960%87%313%507%998%217%606%595%354%289%773%697%462%450%461%19%906%460%510%445%82%856%477%482%133%8%977%926%252%976%194%806%841%895%835%971%430%718%127%438%40%129%231%949%504%819%395%916%954%288%257%325%576%268%171%431%866%867%876%916%153%105%680%326%54%669%863%154%654%421%508%906%542%315%411%369%657%193%776%171%179%435%159%618%838%23%553%586%956%68%776%535%641%954%15%163%495%205%345%630%382%621%399%583%699%989%90%656%593%391%688%850%620%297%272%781%669%510%713%628%310%999%918%692%125%820%136%158%7%603%435%947%888%767%89%460%129%912%673%916%137%674%28%703%348%400%5%251%821%382%803%721%889%612%95%535%784%997%313%122%877%176%348%37%581%600%817%213%634%34%482%507%177%510%852%769%822%993%186%719%635%461%509%290%638%103%925%95%902%948%289%323%388%317%495%684%850%485%54%423%600%660%500%335%785%773%459%649%553%356%600%459%774%959%763%890%795%574%978%6%698%187%542%276%337%841%968%223%155%417%966%383%256%644%38%974%401%644%914%233%780%685%383%515%705%822%547%632%175%838%574%156%1000%747%429%742%478%787%971%388%899%590%640%589%398%475%384%887%914%688%219%569%822%322%108%957%621%575%685%60%833%72%974%861%832%99%419%165%281%955%212%260%164%980%533%738%516%683%919%369%779%703%607%676%959%135%294%951%851%971%838%907%738%698%705%440%482%933%669%238%905%299%636%322%68%772%569%169%990%899%691%163%588%164%516%117%868%669%292%385%868%647%720%736%439%365%451%241%862%745%920%37%643%26%91%16%110%582%492%527%343%958%513%883%85%589%701%959%727%612%338%82%711%306%520%748%712%352%422%674%867%314%561%805%967%147%475%84%230%917%212%898%68%416%957%835%86%261%748%628%764%700%580%890%19%975%126%62%43%431%898%232%264%391%714%167%837%659%390%336%986%990%274%810%552%323%247%443%271%542%704%312%420%607%573%908%119%390%506%976%372%530%416%116%794%151%341%258%438%721%16%164%812%930%488%266%469%950%847%385%633%311%181%766%878%635%147%678%542%557%944%744%735%413%852%441%580%758%234%792%772%588%122%794%774%573%90%735%991%838%437%248%122%576%905%22%327%72%396%211%19%504%509%23%361%373%670%405%965%854%169%591%754%511%844%156%223%526%988%578%570%57%71%529%935%800%151%985%131%409%141%659%959%840%273%917%496%203%31%587%43%72%662%732%597%359%38%618%717%903%966%396%861%963%986%352%871%382%143%671%917%907%496%35%900%129%930%375%465%640%27%1000%121%494%162%115%713%522%837%593%27%260%938%39%769%654%243%812%94%612%418%453%816%806%846%645%325%159%945%115%125%749%604%972%857%3%618%825%301%458%140%499%890%568%295%155%73%325%354%690%560%47%587%464%690%447%589%746%688%321%241%611%592%716%823%396%379%861%344%445%698%785%679%585%315%388%783%88%590%167%441%268%612%375%923%817%311%537%939%314%654%70%688%538%499%617%599%446%934%625%293%566%898%43%667%338%991%661%111%513%674%346%785%157%209%559%954%703%879%16%529%345%90%266%206%261%120%890%844%154%657%132%645%126%74%882%392%163%78%474%555%583%744%234%972%817%26%524%614%554%618%499%632%742%402%926%68%828%428%558%217%696%910%948%390%182%195%443%288%144%240%908%213%755%495%230%162%76%291%618%193%849%238%854%987%778%246%38%210%816%125%117%990%813%49%940%903%635%512%875%67%149%53%922%624%431%551%49%131%709%853%9%563%830%57%118%487%185%619%506%159%272%361%188%930%689%241%198%223%226%309%578%85%813%779%325%23%15%340%222%554%613%977%495%333%342%468%113%340%856%875%756%142%823%679%152%553%348%81%563%973%141%276%5%514%171%296%688%574%177%308%104%986%275%746%606%668%834%244%528%798%274%602%302%973%728%372%914%121%204%983%194%311%597%305%420%979%981%971%923%335%163%573%916%365%443%832%239%911%790%883%322%274%916%485%287%77%826%640%170%996%160%435%924%410%716%608%11%913%666%136%871%414%876%530%431%944%151%444%451%345%848%683%991%578%284%199%240%691%334%304%840%23%809%334%435%964%26%184%623%221%304%217%259%506%705%220%585%14%127%715%150%936%967%57%894%24%838%784%386%517%39%255%872%727%884%427%168%815%364%957%109%24%531%598%790%734%939%770%434%780%904%918%332%320%539%664%418%805%191%75%72%163%583%798%301%849%30%173%180%126%596%779%974%310%516%112%857%890%841%415%311%524%149%317%572%739%612%933%214%86%273%226%358%765%698%551%593%95%540%25%158%89%920%657%700%147%455%493%217%83%423%897%869%149%88%567%667%815%616%807%100%958%546%671%185%648%54%701%755%617%72%753%987%17%494%664%468%812%629%986%653%96%933%278%436%147%515%187%203%527%673%42%866%748%843%700%111%598%27%851%621%592%716%994%279%949%315%186%340%817%848%88%225%974%844%401%21%873%407%800%526%869%870%349%921%318%552%92%692%323%972%389%752%347%507%565%950%340%172%982%772%598%132%883%530%278%39%189%990%782%847%713%185%382%535%977%329%348%998%556%951%343%272%660%192%313%850%570%845%909%526%487%170%647%84%619%719%17%667%218%561%858%195%608%633%346%211%406%649%527%206%698%113%280%721%39%608%203%349%795%395%513%662%787%668%224%731%289%838%210%479%216%520%69%730%536%574%884%529%316%654%911%927%609%243%750%768%120%116%664%82%93%86%761%446%855%88%171%263%206%691%603%725%855%683%383%753%541%537%349%115%825%635%956%325%365%174%968%265%309%813%516%574%989%259%144%151%173%58%79%286%244%542%437%321%397%833%648%848%640%569%59%105%11%851%781%864%657%721%134%417%925%617%367%151%926%74%693%657%122%222%41%919%344%536%680%662%647%270%493%606%295%822%662%574%199%736%664%986%220%855%763%395%114%577%266%714%855%750%936%970%576%22%446%326%429%913%597%936%520%495%643%816%655%668%970%810%586%816%476%258%247%879%302%246%975%336%720%275%319%632%791%953%984%702%714%526%533%499%215%313%200%965%698%726%655%820%177%148%574%821%445%353%782%643%882%862%358%773%658%31%695%594%760%176%43%746%798%172%288%693%923%294%219%975%339%91%541%219%368%876%914%419%804%47%568%713%213%877%897%232%716%560%534%961%657%969%311%172%55%591%827%113%769%764%821%659%861%180%652%362%275%936%516%16%199%787%766%93%184%647%334%369%243%398%632%366%282%168%902%139%558%596%583%137%538%608%816%628%452%315%245%988%908%862%715%737%915%28%259%653%5%833%217%454%2%942%894%184%271%177%935%107%935%364%359%322%591%168%977%817%158%554%900%500%496%923%295%441%80%213%589%763%353%891%439%569%708%357%728%138%35%306%705%555%800%679%81%1000%538%702%299%937%609%104%208%347%681%103%664%928%494%405%727%517%105%591%16%679%697%447%504%445%803%271%489%775%95%655%831%809%363%15%564%937%408%232%885%789%655%679%521%715%472%557%381%964%871%500%17%640%451%81%73%489%204%926%685%92%700%955%117%541%401%7%803%472%445%668%154%756%295%58%220%989%891%246%300%107%586%888%607%75%371%581%476%162%273%424%332%214%731%332%815%595%793%728%660%373%103%7%411%320%144%484%532%97%910%141%481%707%184%320%500%10%401%87%890%44%797%543%252%358%256%584%394%173%924%503%431%888%38%938%592%825%290%679%542%932%77%126%83%356%774%345%959%817%652%211%399%216%676%478%141%543%6%711%203%32%729%21%925%204%916%732%991%537%90%195%974%535%931%318%891%900%623%893%172%575%372%833%423%48%164%445%667%454%806%91%38%482%891%771%201%912%983%395%552%923%429%329%891%416%17%371%412%279%109%158%42%139%561%648%959%925%28%314%752%180%658%45%663%974%245%222%999%132%420%929%945%155%331%787%562%593%304%928%496%20%871%681%402%202%992%461%343%974%757%986%126%747%27%287%319%847%621%278%512%402%974%128%700%648%779%55%206%120%751%332%617%423%878%466%437%131%242%47%268%414%996%404%141%31%617%75%134%846%98%127%464%503%943%386%647%573%502%77%701%88%539%622%736%111%485%951%356%117%310%779%171%271%195%895%399%560%142%841%833%79%253%66%682%210%158%845%973%714%893%913%506%923%702%78%409%450%36%955%245%562%793%758%481%821%520%572%115%799%81%598%602%222%805%750%263%404%108%617%552%654%28%959%214%459%816%177%893%803%921%836%801%623%425%190%668%384%266%634%440%356%167%617%165%64%363%425%834%876%508%50%797%119%525%813%825%352%698%418%561%397%48%703%722%571%414%482%896%288%65%245%781%229%536%889%44%215%890%477%796%768%804%129%344%847%849%299%445%212%916%869%6%337%593%248%216%334%580%569%112%617%925%622%498%517%515%889%345%877%398%712%878%823%445%100%240%498%30%642%304%52%731%161%988%761%843%360%885%879%317%707%134%45%576%281%498%510%819%785%225%581%489%731%893%222%643%463%172%171%448%616%667%192%890%661%122%326%552%464%865%625%474%404%582%575%114%732%263%915%380%69%596%565%620%429%22%924%460%398%352%206%961%567%513%469%772%343%482%50%849%107%872%860%376%898%467%803%78%424%730%531%44%218%397%586%912%428%649%389%975%963%960%485%70%656%443%995%886%581%829%316%247%659%976%976%322%237%4%122%309%233%338%988%804%904%995%246%624%679%621%506%864%289%578%840%85%35%104%170%248%288%13%880%547%936%387%59%541%530%45%789%940%47%739%842%903%106%356%400%62%415%198%213%606%490%579%71%790%219%905%608%30%86%516%607%427%506%412%237%385%926%624%249%581%871%638%314%467%268%96%3%613%431%330%949%639%81%91%786%635%723%81%941%430%578%783%606%404%336%501%552%671%729%626%11%382%454%620%369%251%480%640%715%716%938%414%295%391%929%887%958%843%103%563%853%680%16%101%883%959%217%305%619%630%572%961%591%48%975%741%928%561%159%196%716%737%670%16%425%497%889%823%151%62%594%175%326%817%621%12%526%55%897%524%128%522%191%441%928%718%163%185%272%552%48%562%410%897%474%972%236%167%87%101%530%105%500%9%325%9%980%114%958%393%620%206%168%922%374%844%30%131%528%469%251%65%60%193%926%331%710%153%247%492%659%13%693%322%313%955%337%556%145%121%544%750%959%899%328%895%844%24%582%856%570%973%254%577%428%627%647%953%238%867%759%625%188%904%244%160%305%206%406%153%715%487%130%120%282%776%630%371%54%538%625%912%575%679%561%855%585%935%276%222%834%352%46%596%260%205%280%234%72%793%695%200%297%504%736%453%235%200%845%363%670%538%381%259%682%364%623%193%356%947%1000%940%815%297%913%451%416%490%41%932%101%107%949%293%773%676%915%407%22%970%515

8.Please remove all of the element can be divided by 2,3,4,5 in the following list
my_list = [i for i in range(2342,32455)]


